('mini patch:', 0)
(0, 35083368.0)
(1000, nan)
(2000, nan)
(3000, nan)
(4000, nan)
(5000, nan)
('mini patch:', 1)
(0, nan)
(1000, nan)
(2000, nan)
(3000, nan)
(4000, nan)
(5000, nan)
('mini patch:', 2)
(0, nan)
(1000, nan)
(2000, nan)
(3000, nan)
(4000, nan)
(5000, nan)
('mini patch:', 3)
(0, nan)
(1000, nan)
(2000, nan)
(3000, nan)
(4000, nan)
(5000, nan)
('mini patch:', 4)
(0, nan)
(1000, nan)
(2000, nan)
(3000, nan)
(4000, nan)
(5000, nan)
('mini patch:', 5)
(0, nan)
(1000, nan)
(2000, nan)
(3000, nan)
(4000, nan)
(5000, nan)
('mini patch:', 6)
(0, nan)
(1000, nan)
(2000, nan)
(3000, nan)
(4000, nan)
(5000, nan)
('mini patch:', 7)
(0, nan)
(1000, nan)
(2000, nan)
(3000, nan)
(4000, nan)
(5000, nan)
('mini patch:', 8)
(0, nan)
(1000, nan)
(2000, nan)
(3000, nan)
(4000, nan)
('mini patch:', 0)
(0, 2348582.0)
(1000, nan)
(2000, nan)
(3000, nan)
(4000, nan)
(5000, nan)
('mini patch:', 1)
(0, nan)
(1000, nan)
(2000, nan)
(3000, nan)
(4000, nan)
(5000, nan)
('mini patch:', 2)
(0, nan)
(1000, nan)
(2000, nan)
(3000, nan)
(4000, nan)
(5000, nan)
('mini patch:', 3)
(0, nan)
(1000, nan)
(2000, nan)
(3000, nan)
(4000, nan)
(5000, nan)
('mini patch:', 4)
(0, nan)
(1000, nan)
(2000, nan)
(3000, nan)
(4000, nan)
(5000, nan)
('mini patch:', 5)
(0, nan)
(1000, nan)
(2000, nan)
(3000, nan)
(4000, nan)
(5000, nan)
('mini patch:', 6)
(0, nan)
(1000, nan)
(2000, nan)
(3000, nan)
(4000, nan)
(5000, nan)
('mini patch:', 7)
(0, nan)
(1000, nan)
(2000, nan)
(3000, nan)
(4000, nan)
(5000, nan)
('mini patch:', 8)
(0, nan)
(1000, nan)
(2000, nan)
(3000, nan)
(4000, nan)
(5000, nan)
('mini patch:', 9)
(0, nan)
(1000, nan)
(2000, nan)
(3000, nan)
('mini patch:', 0)
(0, 11442889.0)
(1000, 7420.0)
(2000, 7420.0)
(3000, 7420.0)
(4000, 7420.0)
(5000, 7420.0)
('mini patch:', 1)
(0, 7207.0)
(1000, 7207.0)
(2000, 7207.0)
(3000, 7207.0)
(4000, 7207.0)
(5000, 7207.0)
('mini patch:', 2)
(0, 7369.0)
(1000, 7369.0)
(2000, 7369.0)
(3000, 7369.0)
(4000, 7369.0)
(5000, 7369.0)
('mini patch:', 3)
(0, 7331.0)
(1000, 7331.0)
(2000, 7331.0)
(3000, 7331.0)
(4000, 7331.0)
(5000, 7331.0)
('mini patch:', 4)
(0, 7153.0)
(1000, 7153.0)
(2000, 7153.0)
(3000, 7153.0)
(4000, 7153.0)
(5000, 7153.0)
('mini patch:', 5)
(0, 7283.0)
(1000, 7283.0)
(2000, 7283.0)
(3000, 7283.0)
