0 1455440.875
1000 7368.0
0 7255.0
1000 7255.0
0 7372.0
1000 7372.0
0 7407.0
1000 7407.0
0 7355.0
1000 7355.0
0 7319.0
1000 7319.0
0 7327.0
1000 7327.0
0 7411.0
1000 7411.0
0 7315.0
1000 7315.0
0 7352.0
1000 7352.0
0 7340.0
1000 7340.0
0 7386.0
1000 7386.0
0 7284.0
1000 7284.0
0 7371.0
1000 7371.0
0 7250.0
1000 7250.0
0 7330.0
1000 7330.0
0 7240.0
1000 7240.0
0 7416.0
1000 7416.0
0 7374.0
1000 7374.0
0 7348.0
1000 7348.0
0 7386.0
1000 7386.0
0 7371.0
1000 7371.0
0 7214.0
1000 7214.0
0 7336.0
1000 7336.0
0 7344.0
1000 7344.0
0 7366.0
1000 7366.0
0 7318.0
1000 7318.0
0 7382.0
1000 7382.0
0 7300.0
1000 7300.0
0 7286.0
1000 7286.0
0 7376.0
1000 7376.0
0 7263.0
1000 7263.0
0 7347.0
1000 7347.0
0 7352.0
1000 7352.0
0 7349.0
1000 7349.0
0 7381.0
1000 7381.0
0 7294.0
1000 7294.0
0 7363.0
1000 7363.0
0 7289.0
1000 7289.0
0 7242.0
1000 7242.0
0 7303.0
1000 7303.0
0 7378.0
1000 7378.0
0 7314.0
1000 7314.0
0 7353.0
1000 7353.0
0 7322.0
1000 7322.0
0 7380.0
1000 7380.0
0 7305.0
0 189451648.0
1000 7287.0
0 7357.0
1000 7357.0
0 7317.0
1000 7317.0
0 7343.0
1000 7343.0
0 7333.0
1000 7333.0
0 7259.0
1000 7259.0
0 7315.0
1000 7315.0
0 7234.0
1000 7234.0
0 7354.0
1000 7354.0
0 7208.0
1000 7208.0
0 7327.0
1000 7327.0
0 7194.0
1000 7194.0
0 7342.0
1000 7342.0
0 7344.0
1000 7344.0
0 7251.0
1000 7251.0
0 7305.0
1000 7305.0
0 7431.0
1000 7431.0
0 7275.0
1000 7275.0
0 7386.0
1000 7386.0
0 7300.0
1000 7300.0
0 7357.0
1000 7357.0
0 7235.0
1000 7235.0
0 7363.0
1000 7363.0
0 7273.0
1000 7273.0
0 7205.0
1000 7205.0
0 7352.0
1000 7352.0
