('mini patch:', 0)
(0, 11019666.0)
(1000, 6122.0)
(2000, 6122.0)
(3000, 6122.0)
(4000, 6122.0)
(5000, 6122.0)
('mini patch:', 1)
(0, 6107.0)
(1000, 6107.0)
(2000, 6107.0)
(3000, 6107.0)
(4000, 6107.0)
(5000, 6107.0)
('mini patch:', 2)
(0, 6102.0)
(1000, 6102.0)
(2000, 6102.0)
(3000, 6102.0)
(4000, 6102.0)
(5000, 6102.0)
('mini patch:', 3)
(0, 5990.0)
(1000, 5990.0)
(2000, 5990.0)
(3000, 5990.0)
(4000, 5990.0)
(5000, 5990.0)
('mini patch:', 4)
('mini patch:', 0)
(0, 9567173.0)
(1000, 7341.0)
(2000, 7341.0)
(3000, 7341.0)
(4000, 7341.0)
(5000, 7341.0)
('mini patch:', 1)
(0, 7268.0)
(1000, 7268.0)
mini patch: 0
0 11220685.0
1000 7326.0
2000 7326.0
3000 7326.0
4000 7326.0
5000 7326.0
mini patch: 1
0 7322.0
1000 7322.0
2000 7322.0
3000 7322.0
4000 7322.0
5000 7322.0
mini patch: 2
0 7281.0
1000 7281.0
2000 7281.0
3000 7281.0
4000 7281.0
5000 7281.0
mini patch: 3
0 7419.0
1000 7419.0
2000 7419.0
3000 7419.0
4000 7419.0
5000 7419.0
mini patch: 4
0 7302.0
1000 7302.0
2000 7302.0
3000 7302.0
4000 7302.0
5000 7302.0
mini patch: 5
0 7364.0
1000 7364.0
2000 7364.0
3000 7364.0
4000 7364.0
5000 7364.0
mini patch: 6
0 7438.0
1000 7438.0
2000 7438.0
3000 7438.0
4000 7438.0
5000 7438.0
mini patch: 7
0 7279.0
1000 7279.0
2000 7279.0
3000 7279.0
4000 7279.0
5000 7279.0
mini patch: 8
0 7263.0
1000 7263.0
2000 7263.0
3000 7263.0
4000 7263.0
5000 7263.0
mini patch: 9
0 7344.0
1000 7344.0
2000 7344.0
3000 7344.0
4000 7344.0
5000 7344.0
mini patch: 10
0 7411.0
1000 7411.0
2000 7411.0
3000 7411.0
4000 7411.0
5000 7411.0
mini patch: 11
0 7288.0
1000 7288.0
2000 7288.0
3000 7288.0
4000 7288.0
5000 7288.0
mini patch: 12
0 7306.0
1000 7306.0
2000 7306.0
3000 7306.0
4000 7306.0
5000 7306.0
mini patch: 13
0 7397.0
1000 7397.0
2000 7397.0
3000 7397.0
4000 7397.0
5000 7397.0
mini patch: 14
0 7327.0
1000 7327.0
2000 7327.0
3000 7327.0
4000 7327.0
5000 7327.0
mini patch: 15
0 7356.0
1000 7356.0
2000 7356.0
3000 7356.0
4000 7356.0
5000 7356.0
mini patch: 16
0 7343.0
1000 7343.0
2000 7343.0
3000 7343.0
4000 7343.0
5000 7343.0
mini patch: 17
0 7303.0
1000 7303.0
2000 7303.0
3000 7303.0
4000 7303.0
5000 7303.0
mini patch: 18
0 7354.0
1000 7354.0
2000 7354.0
3000 7354.0
4000 7354.0
5000 7354.0
mini patch: 19
0 7346.0
1000 7346.0
2000 7346.0
3000 7346.0
4000 7346.0
5000 7346.0
mini patch: 20
0 7403.0
1000 7403.0
2000 7403.0
3000 7403.0
4000 7403.0
5000 7403.0
mini patch: 21
0 7389.0
1000 7389.0
2000 7389.0
3000 7389.0
4000 7389.0
5000 7389.0
mini patch: 22
0 7419.0
1000 7419.0
2000 7419.0
3000 7419.0
4000 7419.0
5000 7419.0
mini patch: 23
0 7387.0
1000 7387.0
2000 7387.0
3000 7387.0
4000 7387.0
5000 7387.0
mini patch: 24
0 7366.0
1000 7366.0
2000 7366.0
3000 7366.0
4000 7366.0
5000 7366.0
mini patch: 25
0 7278.0
1000 7278.0
2000 7278.0
3000 7278.0
4000 7278.0
5000 7278.0
mini patch: 26
0 7265.0
1000 7265.0
2000 7265.0
3000 7265.0
4000 7265.0
5000 7265.0
mini patch: 27
0 7264.0
1000 7264.0
2000 7264.0
3000 7264.0
4000 7264.0
5000 7264.0
mini patch: 28
0 7273.0
1000 7273.0
2000 7273.0
3000 7273.0
4000 7273.0
5000 7273.0
mini patch: 29
0 7367.0
1000 7367.0
2000 7367.0
3000 7367.0
4000 7367.0
5000 7367.0
mini patch: 30
0 7439.0
1000 7439.0
2000 7439.0
3000 7439.0
4000 7439.0
5000 7439.0
mini patch: 31
0 7363.0
1000 7363.0
2000 7363.0
3000 7363.0
4000 7363.0
5000 7363.0
mini patch: 32
0 7314.0
1000 7314.0
2000 7314.0
3000 7314.0
4000 7314.0
5000 7314.0
mini patch: 33
0 7182.0
1000 7182.0
2000 7182.0
3000 7182.0
4000 7182.0
5000 7182.0
mini patch: 34
0 7369.0
1000 7369.0
2000 7369.0
3000 7369.0
4000 7369.0
5000 7369.0
mini patch: 35
0 7352.0
1000 7352.0
2000 7352.0
3000 7352.0
4000 7352.0
5000 7352.0
mini patch: 36
0 7283.0
1000 7283.0
2000 7283.0
3000 7283.0
4000 7283.0
5000 7283.0
mini patch: 37
0 7431.0
1000 7431.0
2000 7431.0
3000 7431.0
4000 7431.0
5000 7431.0
mini patch: 38
0 7423.0
1000 7423.0
2000 7423.0
3000 7423.0
4000 7423.0
5000 7423.0
mini patch: 39
0 7420.0
1000 7420.0
2000 7420.0
3000 7420.0
4000 7420.0
5000 7420.0
mini patch: 40
0 7309.0
1000 7309.0
2000 7309.0
3000 7309.0
4000 7309.0
5000 7309.0
mini patch: 41
0 7379.0
1000 7379.0
2000 7379.0
3000 7379.0
4000 7379.0
5000 7379.0
mini patch: 42
0 7306.0
1000 7306.0
2000 7306.0
3000 7306.0
4000 7306.0
5000 7306.0
mini patch: 43
0 7269.0
1000 7269.0
2000 7269.0
3000 7269.0
4000 7269.0
5000 7269.0
mini patch: 44
0 7275.0
1000 7275.0
2000 7275.0
3000 7275.0
4000 7275.0
5000 7275.0
mini patch: 45
0 7367.0
1000 7367.0
2000 7367.0
3000 7367.0
4000 7367.0
5000 7367.0
mini patch: 46
0 7266.0
1000 7266.0
2000 7266.0
3000 7266.0
4000 7266.0
5000 7266.0
mini patch: 47
0 7368.0
1000 7368.0
2000 7368.0
3000 7368.0
4000 7368.0
5000 7368.0
mini patch: 48
0 7318.0
1000 7318.0
2000 7318.0
3000 7318.0
4000 7318.0
5000 7318.0
mini patch: 49
0 7344.0
1000 7344.0
2000 7344.0
3000 7344.0
4000 7344.0
5000 7344.0
mini patch: 50
0 7360.0
1000 7360.0
2000 7360.0
3000 7360.0
4000 7360.0
5000 7360.0
mini patch: 51
0 7357.0
1000 7357.0
2000 7357.0
3000 7357.0
4000 7357.0
5000 7357.0
mini patch: 52
0 7394.0
1000 7394.0
2000 7394.0
3000 7394.0
4000 7394.0
5000 7394.0
mini patch: 53
0 7364.0
1000 7364.0
2000 7364.0
3000 7364.0
4000 7364.0
5000 7364.0
mini patch: 54
0 7375.0
1000 7375.0
2000 7375.0
3000 7375.0
4000 7375.0
5000 7375.0
mini patch: 55
0 7386.0
1000 7386.0
2000 7386.0
3000 7386.0
4000 7386.0
5000 7386.0
mini patch: 56
0 7235.0
1000 7235.0
2000 7235.0
3000 7235.0
4000 7235.0
5000 7235.0
mini patch: 57
0 7407.0
1000 7407.0
2000 7407.0
3000 7407.0
4000 7407.0
5000 7407.0
mini patch: 58
0 7404.0
1000 7404.0
2000 7404.0
3000 7404.0
4000 7404.0
5000 7404.0
mini patch: 59
0 7275.0
1000 7275.0
2000 7275.0
3000 7275.0
4000 7275.0
5000 7275.0
mini patch: 60
0 7406.0
1000 7406.0
2000 7406.0
3000 7406.0
4000 7406.0
5000 7406.0
mini patch: 61
0 7266.0
1000 7266.0
2000 7266.0
3000 7266.0
4000 7266.0
5000 7266.0
mini patch: 62
0 7303.0
1000 7303.0
2000 7303.0
3000 7303.0
4000 7303.0
5000 7303.0
mini patch: 63
0 7337.0
1000 7337.0
2000 7337.0
3000 7337.0
4000 7337.0
5000 7337.0
mini patch: 64
0 7259.0
1000 7259.0
2000 7259.0
3000 7259.0
4000 7259.0
5000 7259.0
mini patch: 65
0 7397.0
1000 7397.0
2000 7397.0
3000 7397.0
4000 7397.0
5000 7397.0
mini patch: 66
0 7291.0
1000 7291.0
2000 7291.0
3000 7291.0
4000 7291.0
5000 7291.0
mini patch: 67
0 7363.0
1000 7363.0
2000 7363.0
3000 7363.0
4000 7363.0
5000 7363.0
mini patch: 68
0 7326.0
1000 7326.0
2000 7326.0
3000 7326.0
4000 7326.0
5000 7326.0
mini patch: 69
0 7377.0
1000 7377.0
2000 7377.0
3000 7377.0
4000 7377.0
5000 7377.0
mini patch: 70
0 7345.0
1000 7345.0
2000 7345.0
3000 7345.0
4000 7345.0
5000 7345.0
mini patch: 71
0 7318.0
1000 7318.0
2000 7318.0
3000 7318.0
4000 7318.0
5000 7318.0
mini patch: 72
0 7337.0
1000 7337.0
2000 7337.0
3000 7337.0
4000 7337.0
5000 7337.0
mini patch: 73
0 7306.0
1000 7306.0
2000 7306.0
3000 7306.0
4000 7306.0
5000 7306.0
mini patch: 74
0 7372.0
1000 7372.0
2000 7372.0
3000 7372.0
4000 7372.0
5000 7372.0
mini patch: 75
0 7265.0
1000 7265.0
2000 7265.0
3000 7265.0
4000 7265.0
5000 7265.0
mini patch: 76
0 7436.0
1000 7436.0
2000 7436.0
3000 7436.0
4000 7436.0
5000 7436.0
mini patch: 77
0 7310.0
1000 7310.0
2000 7310.0
3000 7310.0
4000 7310.0
5000 7310.0
mini patch: 78
0 7377.0
1000 7377.0
2000 7377.0
3000 7377.0
4000 7377.0
5000 7377.0
mini patch: 79
0 7276.0
1000 7276.0
2000 7276.0
3000 7276.0
4000 7276.0
5000 7276.0
mini patch: 80
0 7241.0
1000 7241.0
2000 7241.0
3000 7241.0
4000 7241.0
5000 7241.0
mini patch: 81
0 7420.0
1000 7420.0
2000 7420.0
3000 7420.0
4000 7420.0
5000 7420.0
mini patch: 82
0 7353.0
1000 7353.0
2000 7353.0
3000 7353.0
4000 7353.0
5000 7353.0
mini patch: 83
0 7320.0
1000 7320.0
2000 7320.0
3000 7320.0
4000 7320.0
5000 7320.0
mini patch: 84
0 7368.0
1000 7368.0
2000 7368.0
3000 7368.0
4000 7368.0
5000 7368.0
mini patch: 85
0 7305.0
1000 7305.0
2000 7305.0
3000 7305.0
4000 7305.0
5000 7305.0
mini patch: 86
0 7411.0
1000 7411.0
2000 7411.0
3000 7411.0
4000 7411.0
5000 7411.0
mini patch: 87
0 7471.0
1000 7471.0
2000 7471.0
3000 7471.0
4000 7471.0
5000 7471.0
mini patch: 88
0 7377.0
1000 7377.0
2000 7377.0
3000 7377.0
4000 7377.0
5000 7377.0
mini patch: 89
0 7352.0
1000 7352.0
2000 7352.0
3000 7352.0
4000 7352.0
5000 7352.0
mini patch: 90
0 7314.0
1000 7314.0
2000 7314.0
3000 7314.0
4000 7314.0
5000 7314.0
mini patch: 91
0 7275.0
1000 7275.0
2000 7275.0
3000 7275.0
4000 7275.0
5000 7275.0
mini patch: 92
0 7448.0
1000 7448.0
2000 7448.0
3000 7448.0
4000 7448.0
5000 7448.0
mini patch: 93
0 7425.0
1000 7425.0
2000 7425.0
3000 7425.0
4000 7425.0
5000 7425.0
mini patch: 94
0 7357.0
1000 7357.0
2000 7357.0
3000 7357.0
4000 7357.0
5000 7357.0
mini patch: 95
0 7333.0
1000 7333.0
2000 7333.0
3000 7333.0
4000 7333.0
5000 7333.0
mini patch: 96
0 7286.0
1000 7286.0
2000 7286.0
3000 7286.0
4000 7286.0
5000 7286.0
mini patch: 97
0 7303.0
1000 7303.0
2000 7303.0
3000 7303.0
4000 7303.0
5000 7303.0
mini patch: 98
0 7283.0
1000 7283.0
2000 7283.0
3000 7283.0
4000 7283.0
5000 7283.0
mini patch: 99
0 7336.0
1000 7336.0
2000 7336.0
3000 7336.0
4000 7336.0
5000 7336.0
mini patch: 100
0 7251.0
1000 7251.0
2000 7251.0
3000 7251.0
4000 7251.0
5000 7251.0
mini patch: 101
0 7385.0
1000 7385.0
2000 7385.0
3000 7385.0
4000 7385.0
5000 7385.0
mini patch: 102
0 7296.0
1000 7296.0
2000 7296.0
3000 7296.0
4000 7296.0
5000 7296.0
mini patch: 103
0 7308.0
1000 7308.0
2000 7308.0
3000 7308.0
4000 7308.0
5000 7308.0
mini patch: 104
0 7373.0
1000 7373.0
2000 7373.0
3000 7373.0
4000 7373.0
5000 7373.0
mini patch: 105
0 7500.0
1000 7500.0
2000 7500.0
3000 7500.0
4000 7500.0
5000 7500.0
mini patch: 106
0 7299.0
1000 7299.0
2000 7299.0
3000 7299.0
4000 7299.0
5000 7299.0
mini patch: 107
0 7312.0
1000 7312.0
2000 7312.0
3000 7312.0
4000 7312.0
5000 7312.0
mini patch: 108
0 7299.0
1000 7299.0
2000 7299.0
3000 7299.0
4000 7299.0
5000 7299.0
mini patch: 109
0 7406.0
1000 7406.0
2000 7406.0
3000 7406.0
4000 7406.0
5000 7406.0
mini patch: 110
0 7355.0
1000 7355.0
2000 7355.0
3000 7355.0
4000 7355.0
5000 7355.0
mini patch: 111
0 7347.0
1000 7347.0
2000 7347.0
3000 7347.0
4000 7347.0
5000 7347.0
mini patch: 112
0 7320.0
1000 7320.0
2000 7320.0
3000 7320.0
4000 7320.0
5000 7320.0
mini patch: 113
0 7401.0
1000 7401.0
2000 7401.0
3000 7401.0
4000 7401.0
5000 7401.0
mini patch: 114
0 7308.0
1000 7308.0
2000 7308.0
3000 7308.0
4000 7308.0
5000 7308.0
mini patch: 115
0 7391.0
1000 7391.0
2000 7391.0
3000 7391.0
4000 7391.0
5000 7391.0
mini patch: 116
0 7316.0
1000 7316.0
2000 7316.0
3000 7316.0
4000 7316.0
5000 7316.0
mini patch: 117
0 7410.0
1000 7410.0
2000 7410.0
3000 7410.0
4000 7410.0
5000 7410.0
mini patch: 118
0 7340.0
1000 7340.0
2000 7340.0
3000 7340.0
4000 7340.0
5000 7340.0
mini patch: 119
0 7303.0
1000 7303.0
2000 7303.0
3000 7303.0
4000 7303.0
5000 7303.0
mini patch: 120
0 7320.0
1000 7320.0
2000 7320.0
3000 7320.0
4000 7320.0
5000 7320.0
mini patch: 121
0 7348.0
1000 7348.0
2000 7348.0
3000 7348.0
4000 7348.0
5000 7348.0
mini patch: 122
0 7364.0
1000 7364.0
2000 7364.0
3000 7364.0
4000 7364.0
5000 7364.0
mini patch: 123
0 7296.0
1000 7296.0
2000 7296.0
3000 7296.0
4000 7296.0
5000 7296.0
mini patch: 124
0 7276.0
1000 7276.0
2000 7276.0
3000 7276.0
4000 7276.0
5000 7276.0
mini patch: 125
0 7402.0
1000 7402.0
2000 7402.0
3000 7402.0
4000 7402.0
5000 7402.0
mini patch: 126
0 7413.0
1000 7413.0
2000 7413.0
3000 7413.0
4000 7413.0
5000 7413.0
mini patch: 127
0 7261.0
1000 7261.0
2000 7261.0
3000 7261.0
4000 7261.0
5000 7261.0
mini patch: 128
0 7423.0
1000 7423.0
2000 7423.0
3000 7423.0
4000 7423.0
5000 7423.0
mini patch: 129
0 7288.0
1000 7288.0
2000 7288.0
3000 7288.0
4000 7288.0
5000 7288.0
mini patch: 130
0 7269.0
1000 7269.0
2000 7269.0
3000 7269.0
4000 7269.0
5000 7269.0
mini patch: 131
0 7437.0
1000 7437.0
2000 7437.0
3000 7437.0
4000 7437.0
5000 7437.0
mini patch: 132
0 7377.0
1000 7377.0
2000 7377.0
3000 7377.0
4000 7377.0
5000 7377.0
mini patch: 133
0 7287.0
1000 7287.0
2000 7287.0
3000 7287.0
4000 7287.0
5000 7287.0
mini patch: 134
0 7280.0
1000 7280.0
2000 7280.0
3000 7280.0
4000 7280.0
5000 7280.0
mini patch: 135
0 7386.0
1000 7386.0
2000 7386.0
3000 7386.0
4000 7386.0
5000 7386.0
mini patch: 136
0 7405.0
1000 7405.0
2000 7405.0
3000 7405.0
4000 7405.0
5000 7405.0
mini patch: 137
0 7380.0
1000 7380.0
2000 7380.0
3000 7380.0
4000 7380.0
5000 7380.0
mini patch: 138
0 7294.0
1000 7294.0
2000 7294.0
3000 7294.0
4000 7294.0
5000 7294.0
mini patch: 139
0 7311.0
1000 7311.0
2000 7311.0
3000 7311.0
4000 7311.0
5000 7311.0
mini patch: 140
0 7292.0
1000 7292.0
2000 7292.0
3000 7292.0
4000 7292.0
5000 7292.0
mini patch: 141
0 7376.0
1000 7376.0
2000 7376.0
3000 7376.0
4000 7376.0
5000 7376.0
mini patch: 142
0 7382.0
1000 7382.0
2000 7382.0
3000 7382.0
4000 7382.0
5000 7382.0
mini patch: 143
0 7223.0
1000 7223.0
2000 7223.0
3000 7223.0
4000 7223.0
5000 7223.0
mini patch: 144
0 7218.0
1000 7218.0
2000 7218.0
3000 7218.0
4000 7218.0
5000 7218.0
mini patch: 145
0 7333.0
1000 7333.0
2000 7333.0
3000 7333.0
4000 7333.0
5000 7333.0
mini patch: 146
0 7245.0
1000 7245.0
2000 7245.0
3000 7245.0
4000 7245.0
5000 7245.0
mini patch: 147
0 7399.0
1000 7399.0
2000 7399.0
3000 7399.0
4000 7399.0
5000 7399.0
mini patch: 148
0 7300.0
1000 7300.0
2000 7300.0
3000 7300.0
4000 7300.0
5000 7300.0
mini patch: 149
0 7428.0
1000 7428.0
2000 7428.0
3000 7428.0
4000 7428.0
5000 7428.0
mini patch: 150
0 7330.0
1000 7330.0
2000 7330.0
3000 7330.0
4000 7330.0
5000 7330.0
mini patch: 151
0 7339.0
1000 7339.0
2000 7339.0
3000 7339.0
4000 7339.0
5000 7339.0
mini patch: 152
0 7237.0
1000 7237.0
2000 7237.0
3000 7237.0
4000 7237.0
5000 7237.0
mini patch: 153
0 7341.0
1000 7341.0
2000 7341.0
3000 7341.0
4000 7341.0
5000 7341.0
mini patch: 154
0 7382.0
1000 7382.0
2000 7382.0
3000 7382.0
4000 7382.0
5000 7382.0
mini patch: 155
0 7293.0
1000 7293.0
2000 7293.0
3000 7293.0
4000 7293.0
5000 7293.0
mini patch: 156
0 7298.0
1000 7298.0
2000 7298.0
3000 7298.0
4000 7298.0
5000 7298.0
mini patch: 157
0 7346.0
1000 7346.0
2000 7346.0
3000 7346.0
4000 7346.0
5000 7346.0
mini patch: 158
0 7411.0
1000 7411.0
2000 7411.0
3000 7411.0
4000 7411.0
5000 7411.0
mini patch: 159
0 7253.0
1000 7253.0
2000 7253.0
3000 7253.0
4000 7253.0
5000 7253.0
mini patch: 160
0 7304.0
1000 7304.0
2000 7304.0
3000 7304.0
4000 7304.0
5000 7304.0
mini patch: 161
0 7385.0
1000 7385.0
2000 7385.0
3000 7385.0
4000 7385.0
5000 7385.0
mini patch: 162
0 7449.0
1000 7449.0
2000 7449.0
3000 7449.0
4000 7449.0
5000 7449.0
mini patch: 163
0 7235.0
1000 7235.0
2000 7235.0
3000 7235.0
4000 7235.0
5000 7235.0
mini patch: 164
0 7325.0
1000 7325.0
2000 7325.0
3000 7325.0
4000 7325.0
5000 7325.0
mini patch: 165
0 7287.0
1000 7287.0
2000 7287.0
3000 7287.0
4000 7287.0
5000 7287.0
mini patch: 166
0 7322.0
1000 7322.0
2000 7322.0
3000 7322.0
4000 7322.0
5000 7322.0
mini patch: 167
0 7321.0
1000 7321.0
2000 7321.0
3000 7321.0
4000 7321.0
5000 7321.0
mini patch: 168
0 7352.0
1000 7352.0
2000 7352.0
3000 7352.0
4000 7352.0
5000 7352.0
mini patch: 169
0 7262.0
1000 7262.0
2000 7262.0
3000 7262.0
4000 7262.0
5000 7262.0
mini patch: 170
0 7309.0
1000 7309.0
2000 7309.0
3000 7309.0
4000 7309.0
5000 7309.0
mini patch: 171
0 7288.0
1000 7288.0
2000 7288.0
3000 7288.0
4000 7288.0
5000 7288.0
mini patch: 172
0 7375.0
1000 7375.0
2000 7375.0
3000 7375.0
4000 7375.0
5000 7375.0
mini patch: 173
0 7373.0
1000 7373.0
2000 7373.0
3000 7373.0
4000 7373.0
5000 7373.0
mini patch: 174
0 7365.0
1000 7365.0
2000 7365.0
3000 7365.0
4000 7365.0
5000 7365.0
mini patch: 175
0 7318.0
1000 7318.0
2000 7318.0
3000 7318.0
4000 7318.0
5000 7318.0
mini patch: 176
0 7399.0
1000 7399.0
2000 7399.0
3000 7399.0
4000 7399.0
5000 7399.0
mini patch: 177
0 7394.0
1000 7394.0
2000 7394.0
3000 7394.0
4000 7394.0
5000 7394.0
mini patch: 178
0 7394.0
1000 7394.0
2000 7394.0
3000 7394.0
4000 7394.0
5000 7394.0
mini patch: 179
0 7367.0
1000 7367.0
2000 7367.0
3000 7367.0
4000 7367.0
5000 7367.0
mini patch: 180
0 7358.0
1000 7358.0
2000 7358.0
3000 7358.0
4000 7358.0
5000 7358.0
mini patch: 181
0 7354.0
1000 7354.0
2000 7354.0
3000 7354.0
4000 7354.0
5000 7354.0
mini patch: 182
0 7357.0
1000 7357.0
2000 7357.0
3000 7357.0
4000 7357.0
5000 7357.0
mini patch: 183
0 7351.0
1000 7351.0
2000 7351.0
3000 7351.0
4000 7351.0
5000 7351.0
mini patch: 184
0 7304.0
1000 7304.0
2000 7304.0
3000 7304.0
4000 7304.0
5000 7304.0
mini patch: 185
0 7338.0
1000 7338.0
2000 7338.0
3000 7338.0
4000 7338.0
5000 7338.0
mini patch: 186
0 7358.0
1000 7358.0
2000 7358.0
3000 7358.0
4000 7358.0
5000 7358.0
mini patch: 187
0 7319.0
1000 7319.0
2000 7319.0
3000 7319.0
4000 7319.0
5000 7319.0
mini patch: 188
0 7269.0
1000 7269.0
2000 7269.0
3000 7269.0
4000 7269.0
5000 7269.0
mini patch: 189
0 7398.0
1000 7398.0
2000 7398.0
3000 7398.0
4000 7398.0
5000 7398.0
mini patch: 190
0 7364.0
1000 7364.0
2000 7364.0
3000 7364.0
4000 7364.0
5000 7364.0
mini patch: 191
0 7310.0
1000 7310.0
2000 7310.0
3000 7310.0
4000 7310.0
5000 7310.0
mini patch: 192
0 7337.0
1000 7337.0
2000 7337.0
3000 7337.0
4000 7337.0
5000 7337.0
mini patch: 193
0 7396.0
1000 7396.0
2000 7396.0
3000 7396.0
4000 7396.0
5000 7396.0
mini patch: 194
0 7342.0
1000 7342.0
2000 7342.0
3000 7342.0
4000 7342.0
5000 7342.0
mini patch: 195
0 7259.0
1000 7259.0
2000 7259.0
3000 7259.0
4000 7259.0
5000 7259.0
mini patch: 196
0 7355.0
1000 7355.0
2000 7355.0
3000 7355.0
4000 7355.0
5000 7355.0
mini patch: 197
0 7325.0
1000 7325.0
2000 7325.0
3000 7325.0
4000 7325.0
5000 7325.0
mini patch: 198
0 7299.0
1000 7299.0
2000 7299.0
3000 7299.0
4000 7299.0
5000 7299.0
mini patch: 199
0 7361.0
1000 7361.0
2000 7361.0
3000 7361.0
4000 7361.0
5000 7361.0
mini patch: 200
0 7245.0
1000 7245.0
2000 7245.0
3000 7245.0
4000 7245.0
5000 7245.0
mini patch: 201
0 7222.0
1000 7222.0
2000 7222.0
3000 7222.0
4000 7222.0
5000 7222.0
mini patch: 202
0 7316.0
1000 7316.0
2000 7316.0
3000 7316.0
4000 7316.0
5000 7316.0
mini patch: 203
0 7228.0
1000 7228.0
2000 7228.0
3000 7228.0
4000 7228.0
5000 7228.0
mini patch: 204
0 7341.0
1000 7341.0
2000 7341.0
3000 7341.0
4000 7341.0
5000 7341.0
mini patch: 205
0 7366.0
1000 7366.0
2000 7366.0
3000 7366.0
4000 7366.0
5000 7366.0
mini patch: 206
0 7237.0
1000 7237.0
2000 7237.0
3000 7237.0
4000 7237.0
5000 7237.0
mini patch: 207
0 7274.0
1000 7274.0
2000 7274.0
3000 7274.0
4000 7274.0
5000 7274.0
mini patch: 208
0 7341.0
1000 7341.0
2000 7341.0
3000 7341.0
4000 7341.0
5000 7341.0
mini patch: 209
0 7357.0
1000 7357.0
2000 7357.0
3000 7357.0
4000 7357.0
5000 7357.0
mini patch: 210
0 7373.0
1000 7373.0
2000 7373.0
3000 7373.0
4000 7373.0
5000 7373.0
mini patch: 211
0 7288.0
1000 7288.0
2000 7288.0
3000 7288.0
4000 7288.0
5000 7288.0
mini patch: 212
0 7347.0
1000 7347.0
2000 7347.0
3000 7347.0
4000 7347.0
5000 7347.0
mini patch: 213
0 7373.0
1000 7373.0
2000 7373.0
3000 7373.0
4000 7373.0
5000 7373.0
mini patch: 214
0 7420.0
1000 7420.0
2000 7420.0
3000 7420.0
4000 7420.0
5000 7420.0
mini patch: 215
0 7310.0
1000 7310.0
2000 7310.0
3000 7310.0
4000 7310.0
5000 7310.0
mini patch: 216
0 7291.0
1000 7291.0
2000 7291.0
3000 7291.0
4000 7291.0
5000 7291.0
mini patch: 217
0 7302.0
1000 7302.0
2000 7302.0
3000 7302.0
4000 7302.0
5000 7302.0
mini patch: 218
0 7300.0
1000 7300.0
2000 7300.0
3000 7300.0
4000 7300.0
5000 7300.0
mini patch: 219
0 7397.0
1000 7397.0
2000 7397.0
3000 7397.0
4000 7397.0
5000 7397.0
mini patch: 220
0 7316.0
1000 7316.0
2000 7316.0
3000 7316.0
4000 7316.0
5000 7316.0
mini patch: 221
0 7385.0
1000 7385.0
2000 7385.0
3000 7385.0
4000 7385.0
5000 7385.0
mini patch: 222
0 7367.0
1000 7367.0
2000 7367.0
3000 7367.0
4000 7367.0
5000 7367.0
mini patch: 223
0 7256.0
1000 7256.0
2000 7256.0
3000 7256.0
4000 7256.0
5000 7256.0
mini patch: 224
0 7259.0
1000 7259.0
2000 7259.0
3000 7259.0
4000 7259.0
5000 7259.0
mini patch: 225
0 7392.0
1000 7392.0
2000 7392.0
3000 7392.0
4000 7392.0
5000 7392.0
mini patch: 226
0 7306.0
1000 7306.0
2000 7306.0
3000 7306.0
4000 7306.0
5000 7306.0
mini patch: 227
0 7353.0
1000 7353.0
2000 7353.0
3000 7353.0
4000 7353.0
5000 7353.0
mini patch: 228
0 7378.0
1000 7378.0
2000 7378.0
3000 7378.0
4000 7378.0
5000 7378.0
mini patch: 229
0 7418.0
1000 7418.0
2000 7418.0
3000 7418.0
4000 7418.0
5000 7418.0
mini patch: 230
0 7353.0
1000 7353.0
2000 7353.0
3000 7353.0
4000 7353.0
5000 7353.0
mini patch: 231
0 7278.0
1000 7278.0
2000 7278.0
3000 7278.0
4000 7278.0
5000 7278.0
mini patch: 232
0 7348.0
1000 7348.0
2000 7348.0
3000 7348.0
4000 7348.0
5000 7348.0
mini patch: 233
0 7354.0
1000 7354.0
2000 7354.0
3000 7354.0
4000 7354.0
5000 7354.0
mini patch: 234
0 7288.0
1000 7288.0
2000 7288.0
3000 7288.0
4000 7288.0
5000 7288.0
mini patch: 235
0 7362.0
1000 7362.0
2000 7362.0
3000 7362.0
4000 7362.0
5000 7362.0
mini patch: 236
0 7267.0
1000 7267.0
2000 7267.0
3000 7267.0
4000 7267.0
5000 7267.0
mini patch: 237
0 7372.0
1000 7372.0
2000 7372.0
3000 7372.0
4000 7372.0
5000 7372.0
mini patch: 238
0 7326.0
1000 7326.0
2000 7326.0
3000 7326.0
4000 7326.0
5000 7326.0
mini patch: 239
0 7342.0
1000 7342.0
2000 7342.0
3000 7342.0
4000 7342.0
5000 7342.0
mini patch: 240
0 7313.0
1000 7313.0
2000 7313.0
3000 7313.0
4000 7313.0
5000 7313.0
mini patch: 241
0 7374.0
1000 7374.0
2000 7374.0
3000 7374.0
4000 7374.0
5000 7374.0
mini patch: 242
0 7375.0
1000 7375.0
2000 7375.0
3000 7375.0
4000 7375.0
5000 7375.0
mini patch: 243
0 7326.0
1000 7326.0
2000 7326.0
3000 7326.0
4000 7326.0
5000 7326.0
mini patch: 244
0 7313.0
1000 7313.0
2000 7313.0
3000 7313.0
4000 7313.0
5000 7313.0
mini patch: 245
0 7350.0
1000 7350.0
2000 7350.0
3000 7350.0
4000 7350.0
5000 7350.0
mini patch: 246
0 7353.0
1000 7353.0
2000 7353.0
3000 7353.0
4000 7353.0
5000 7353.0
mini patch: 247
0 7298.0
1000 7298.0
2000 7298.0
3000 7298.0
4000 7298.0
5000 7298.0
mini patch: 248
0 7248.0
1000 7248.0
2000 7248.0
3000 7248.0
4000 7248.0
5000 7248.0
mini patch: 249
0 7361.0
1000 7361.0
2000 7361.0
3000 7361.0
4000 7361.0
5000 7361.0
mini patch: 250
0 7418.0
1000 7418.0
2000 7418.0
3000 7418.0
4000 7418.0
5000 7418.0
mini patch: 251
0 7257.0
1000 7257.0
2000 7257.0
3000 7257.0
4000 7257.0
5000 7257.0
mini patch: 252
0 7362.0
1000 7362.0
2000 7362.0
3000 7362.0
4000 7362.0
5000 7362.0
mini patch: 253
0 7325.0
1000 7325.0
2000 7325.0
3000 7325.0
4000 7325.0
5000 7325.0
mini patch: 254
0 7298.0
1000 7298.0
2000 7298.0
3000 7298.0
4000 7298.0
5000 7298.0
mini patch: 255
0 7430.0
1000 7430.0
2000 7430.0
3000 7430.0
4000 7430.0
5000 7430.0
mini patch: 256
0 7392.0
1000 7392.0
2000 7392.0
3000 7392.0
4000 7392.0
5000 7392.0
mini patch: 257
0 7234.0
1000 7234.0
2000 7234.0
3000 7234.0
4000 7234.0
5000 7234.0
mini patch: 258
0 7266.0
1000 7266.0
2000 7266.0
3000 7266.0
4000 7266.0
5000 7266.0
mini patch: 259
0 7367.0
1000 7367.0
2000 7367.0
3000 7367.0
4000 7367.0
5000 7367.0
mini patch: 260
0 7423.0
1000 7423.0
2000 7423.0
3000 7423.0
4000 7423.0
5000 7423.0
mini patch: 261
0 7420.0
1000 7420.0
2000 7420.0
3000 7420.0
4000 7420.0
5000 7420.0
mini patch: 262
0 7225.0
1000 7225.0
2000 7225.0
3000 7225.0
4000 7225.0
5000 7225.0
mini patch: 263
0 7320.0
1000 7320.0
2000 7320.0
3000 7320.0
4000 7320.0
5000 7320.0
mini patch: 264
0 7321.0
1000 7321.0
2000 7321.0
3000 7321.0
4000 7321.0
5000 7321.0
mini patch: 265
0 7409.0
1000 7409.0
2000 7409.0
3000 7409.0
4000 7409.0
5000 7409.0
mini patch: 266
0 7431.0
1000 7431.0
2000 7431.0
3000 7431.0
4000 7431.0
5000 7431.0
mini patch: 267
0 7303.0
1000 7303.0
2000 7303.0
3000 7303.0
4000 7303.0
5000 7303.0
mini patch: 268
0 7431.0
1000 7431.0
2000 7431.0
3000 7431.0
4000 7431.0
5000 7431.0
mini patch: 269
0 7349.0
1000 7349.0
2000 7349.0
3000 7349.0
4000 7349.0
5000 7349.0
mini patch: 270
0 7324.0
1000 7324.0
2000 7324.0
3000 7324.0
4000 7324.0
5000 7324.0
mini patch: 271
0 7449.0
1000 7449.0
2000 7449.0
3000 7449.0
4000 7449.0
5000 7449.0
mini patch: 272
0 7421.0
1000 7421.0
2000 7421.0
3000 7421.0
4000 7421.0
5000 7421.0
mini patch: 273
0 7355.0
1000 7355.0
2000 7355.0
3000 7355.0
4000 7355.0
5000 7355.0
mini patch: 274
0 7339.0
1000 7339.0
2000 7339.0
3000 7339.0
4000 7339.0
5000 7339.0
mini patch: 275
0 7322.0
1000 7322.0
2000 7322.0
3000 7322.0
4000 7322.0
5000 7322.0
mini patch: 276
0 7318.0
1000 7318.0
2000 7318.0
3000 7318.0
4000 7318.0
5000 7318.0
mini patch: 277
0 7379.0
1000 7379.0
2000 7379.0
3000 7379.0
4000 7379.0
5000 7379.0
mini patch: 278
0 7388.0
1000 7388.0
2000 7388.0
3000 7388.0
4000 7388.0
5000 7388.0
mini patch: 279
0 7267.0
1000 7267.0
2000 7267.0
3000 7267.0
4000 7267.0
5000 7267.0
mini patch: 280
0 7353.0
1000 7353.0
2000 7353.0
3000 7353.0
4000 7353.0
5000 7353.0
mini patch: 281
0 7381.0
1000 7381.0
2000 7381.0
3000 7381.0
4000 7381.0
5000 7381.0
mini patch: 282
0 7310.0
1000 7310.0
2000 7310.0
3000 7310.0
4000 7310.0
5000 7310.0
mini patch: 283
0 7286.0
1000 7286.0
2000 7286.0
3000 7286.0
4000 7286.0
5000 7286.0
mini patch: 284
0 7434.0
1000 7434.0
2000 7434.0
3000 7434.0
4000 7434.0
5000 7434.0
mini patch: 285
0 7365.0
1000 7365.0
2000 7365.0
3000 7365.0
4000 7365.0
5000 7365.0
mini patch: 286
0 7341.0
1000 7341.0
2000 7341.0
3000 7341.0
4000 7341.0
5000 7341.0
mini patch: 287
0 7334.0
1000 7334.0
2000 7334.0
3000 7334.0
4000 7334.0
5000 7334.0
mini patch: 288
0 7499.0
1000 7499.0
2000 7499.0
3000 7499.0
4000 7499.0
5000 7499.0
mini patch: 289
0 7326.0
1000 7326.0
2000 7326.0
3000 7326.0
4000 7326.0
5000 7326.0
mini patch: 290
0 7286.0
1000 7286.0
2000 7286.0
3000 7286.0
4000 7286.0
5000 7286.0
mini patch: 291
0 7263.0
1000 7263.0
2000 7263.0
3000 7263.0
4000 7263.0
5000 7263.0
mini patch: 292
0 7211.0
1000 7211.0
2000 7211.0
3000 7211.0
4000 7211.0
5000 7211.0
mini patch: 293
0 7332.0
1000 7332.0
2000 7332.0
3000 7332.0
4000 7332.0
5000 7332.0
mini patch: 294
0 7375.0
1000 7375.0
2000 7375.0
3000 7375.0
4000 7375.0
5000 7375.0
mini patch: 295
0 7231.0
1000 7231.0
2000 7231.0
3000 7231.0
4000 7231.0
5000 7231.0
mini patch: 296
0 7412.0
1000 7412.0
2000 7412.0
3000 7412.0
4000 7412.0
5000 7412.0
mini patch: 297
0 7363.0
1000 7363.0
2000 7363.0
3000 7363.0
4000 7363.0
5000 7363.0
mini patch: 298
0 7402.0
1000 7402.0
2000 7402.0
3000 7402.0
4000 7402.0
5000 7402.0
mini patch: 299
0 7439.0
1000 7439.0
2000 7439.0
3000 7439.0
4000 7439.0
5000 7439.0
mini patch: 300
0 7347.0
1000 7347.0
2000 7347.0
3000 7347.0
4000 7347.0
5000 7347.0
mini patch: 301
0 7413.0
1000 7413.0
2000 7413.0
3000 7413.0
4000 7413.0
5000 7413.0
mini patch: 302
0 7312.0
1000 7312.0
2000 7312.0
3000 7312.0
4000 7312.0
5000 7312.0
mini patch: 303
0 7327.0
1000 7327.0
2000 7327.0
3000 7327.0
4000 7327.0
5000 7327.0
mini patch: 304
0 7369.0
1000 7369.0
2000 7369.0
3000 7369.0
4000 7369.0
5000 7369.0
mini patch: 305
0 7282.0
1000 7282.0
2000 7282.0
3000 7282.0
4000 7282.0
5000 7282.0
mini patch: 306
0 7294.0
1000 7294.0
2000 7294.0
3000 7294.0
4000 7294.0
5000 7294.0
mini patch: 307
0 7336.0
1000 7336.0
2000 7336.0
3000 7336.0
4000 7336.0
5000 7336.0
mini patch: 308
0 7256.0
1000 7256.0
2000 7256.0
3000 7256.0
4000 7256.0
5000 7256.0
mini patch: 309
0 7345.0
1000 7345.0
2000 7345.0
3000 7345.0
4000 7345.0
5000 7345.0
mini patch: 310
0 7284.0
1000 7284.0
2000 7284.0
3000 7284.0
4000 7284.0
5000 7284.0
mini patch: 311
0 7192.0
1000 7192.0
2000 7192.0
3000 7192.0
4000 7192.0
5000 7192.0
mini patch: 312
0 7298.0
1000 7298.0
2000 7298.0
3000 7298.0
4000 7298.0
5000 7298.0
mini patch: 313
0 7374.0
1000 7374.0
2000 7374.0
3000 7374.0
4000 7374.0
5000 7374.0
mini patch: 314
0 7462.0
1000 7462.0
2000 7462.0
3000 7462.0
4000 7462.0
5000 7462.0
mini patch: 315
0 7285.0
1000 7285.0
2000 7285.0
3000 7285.0
4000 7285.0
5000 7285.0
mini patch: 316
0 7304.0
1000 7304.0
2000 7304.0
3000 7304.0
4000 7304.0
5000 7304.0
mini patch: 317
0 7287.0
1000 7287.0
2000 7287.0
3000 7287.0
4000 7287.0
5000 7287.0
mini patch: 318
0 7364.0
1000 7364.0
2000 7364.0
3000 7364.0
4000 7364.0
5000 7364.0
mini patch: 319
0 7467.0
1000 7467.0
2000 7467.0
3000 7467.0
4000 7467.0
5000 7467.0
mini patch: 320
0 7323.0
1000 7323.0
2000 7323.0
3000 7323.0
4000 7323.0
5000 7323.0
mini patch: 321
0 7357.0
1000 7357.0
2000 7357.0
3000 7357.0
4000 7357.0
5000 7357.0
mini patch: 322
0 7351.0
1000 7351.0
2000 7351.0
3000 7351.0
4000 7351.0
5000 7351.0
mini patch: 323
0 7400.0
1000 7400.0
2000 7400.0
3000 7400.0
4000 7400.0
5000 7400.0
mini patch: 324
0 7418.0
1000 7418.0
2000 7418.0
3000 7418.0
4000 7418.0
5000 7418.0
mini patch: 325
0 7360.0
1000 7360.0
2000 7360.0
3000 7360.0
4000 7360.0
5000 7360.0
mini patch: 326
0 7374.0
1000 7374.0
2000 7374.0
3000 7374.0
4000 7374.0
5000 7374.0
mini patch: 327
0 7287.0
1000 7287.0
2000 7287.0
3000 7287.0
4000 7287.0
5000 7287.0
mini patch: 328
0 7418.0
1000 7418.0
2000 7418.0
3000 7418.0
4000 7418.0
5000 7418.0
mini patch: 329
0 7445.0
1000 7445.0
2000 7445.0
3000 7445.0
4000 7445.0
5000 7445.0
mini patch: 330
0 7300.0
1000 7300.0
2000 7300.0
3000 7300.0
4000 7300.0
5000 7300.0
mini patch: 331
0 7289.0
1000 7289.0
2000 7289.0
3000 7289.0
4000 7289.0
5000 7289.0
mini patch: 332
0 7259.0
1000 7259.0
2000 7259.0
3000 7259.0
4000 7259.0
5000 7259.0
mini patch: 333
0 7409.0
1000 7409.0
2000 7409.0
3000 7409.0
4000 7409.0
5000 7409.0
mini patch: 334
0 7346.0
1000 7346.0
2000 7346.0
3000 7346.0
4000 7346.0
5000 7346.0
mini patch: 335
0 7295.0
1000 7295.0
2000 7295.0
3000 7295.0
4000 7295.0
5000 7295.0
mini patch: 336
0 7393.0
1000 7393.0
2000 7393.0
3000 7393.0
4000 7393.0
5000 7393.0
mini patch: 337
0 7381.0
1000 7381.0
2000 7381.0
3000 7381.0
4000 7381.0
5000 7381.0
mini patch: 338
0 7373.0
1000 7373.0
2000 7373.0
3000 7373.0
4000 7373.0
5000 7373.0
mini patch: 339
0 7376.0
1000 7376.0
2000 7376.0
3000 7376.0
4000 7376.0
5000 7376.0
mini patch: 340
0 7380.0
1000 7380.0
2000 7380.0
3000 7380.0
4000 7380.0
5000 7380.0
mini patch: 341
0 7389.0
1000 7389.0
2000 7389.0
3000 7389.0
4000 7389.0
5000 7389.0
mini patch: 342
0 7346.0
1000 7346.0
2000 7346.0
3000 7346.0
4000 7346.0
5000 7346.0
mini patch: 343
0 7297.0
1000 7297.0
2000 7297.0
3000 7297.0
4000 7297.0
5000 7297.0
mini patch: 344
0 7356.0
1000 7356.0
2000 7356.0
3000 7356.0
4000 7356.0
5000 7356.0
mini patch: 345
0 7433.0
1000 7433.0
2000 7433.0
3000 7433.0
4000 7433.0
5000 7433.0
mini patch: 346
0 7428.0
1000 7428.0
2000 7428.0
3000 7428.0
4000 7428.0
5000 7428.0
mini patch: 347
0 7420.0
1000 7420.0
2000 7420.0
3000 7420.0
4000 7420.0
5000 7420.0
mini patch: 348
0 7272.0
1000 7272.0
2000 7272.0
3000 7272.0
4000 7272.0
5000 7272.0
mini patch: 349
0 7320.0
1000 7320.0
2000 7320.0
3000 7320.0
4000 7320.0
5000 7320.0
mini patch: 350
0 7285.0
1000 7285.0
2000 7285.0
3000 7285.0
4000 7285.0
5000 7285.0
mini patch: 351
0 7394.0
1000 7394.0
2000 7394.0
3000 7394.0
4000 7394.0
5000 7394.0
mini patch: 352
0 7267.0
1000 7267.0
2000 7267.0
3000 7267.0
4000 7267.0
5000 7267.0
mini patch: 353
0 7390.0
1000 7390.0
2000 7390.0
3000 7390.0
4000 7390.0
5000 7390.0
mini patch: 354
0 7386.0
1000 7386.0
2000 7386.0
3000 7386.0
4000 7386.0
5000 7386.0
mini patch: 355
0 7392.0
1000 7392.0
2000 7392.0
3000 7392.0
4000 7392.0
5000 7392.0
mini patch: 356
0 7257.0
1000 7257.0
2000 7257.0
3000 7257.0
4000 7257.0
5000 7257.0
mini patch: 357
0 7367.0
1000 7367.0
2000 7367.0
3000 7367.0
4000 7367.0
5000 7367.0
mini patch: 358
0 7235.0
1000 7235.0
2000 7235.0
3000 7235.0
4000 7235.0
5000 7235.0
mini patch: 359
0 7283.0
1000 7283.0
2000 7283.0
3000 7283.0
4000 7283.0
5000 7283.0
mini patch: 360
0 7304.0
1000 7304.0
2000 7304.0
3000 7304.0
4000 7304.0
5000 7304.0
mini patch: 361
0 7402.0
1000 7402.0
2000 7402.0
3000 7402.0
4000 7402.0
5000 7402.0
mini patch: 362
0 7430.0
1000 7430.0
2000 7430.0
3000 7430.0
4000 7430.0
5000 7430.0
mini patch: 363
0 7332.0
1000 7332.0
2000 7332.0
3000 7332.0
4000 7332.0
5000 7332.0
mini patch: 364
0 7271.0
1000 7271.0
2000 7271.0
3000 7271.0
4000 7271.0
5000 7271.0
mini patch: 365
0 7293.0
1000 7293.0
2000 7293.0
3000 7293.0
4000 7293.0
5000 7293.0
mini patch: 366
0 7433.0
1000 7433.0
2000 7433.0
3000 7433.0
4000 7433.0
5000 7433.0
mini patch: 367
0 7317.0
1000 7317.0
2000 7317.0
3000 7317.0
4000 7317.0
5000 7317.0
mini patch: 368
0 7407.0
1000 7407.0
2000 7407.0
3000 7407.0
4000 7407.0
5000 7407.0
mini patch: 369
0 7283.0
1000 7283.0
2000 7283.0
3000 7283.0
4000 7283.0
5000 7283.0
mini patch: 370
0 7283.0
1000 7283.0
2000 7283.0
3000 7283.0
4000 7283.0
5000 7283.0
mini patch: 371
0 7324.0
1000 7324.0
2000 7324.0
3000 7324.0
4000 7324.0
5000 7324.0
mini patch: 372
0 7403.0
1000 7403.0
2000 7403.0
3000 7403.0
4000 7403.0
5000 7403.0
mini patch: 373
0 7392.0
1000 7392.0
2000 7392.0
3000 7392.0
4000 7392.0
5000 7392.0
mini patch: 374
0 7429.0
1000 7429.0
2000 7429.0
3000 7429.0
4000 7429.0
5000 7429.0
mini patch: 375
0 7363.0
1000 7363.0
2000 7363.0
3000 7363.0
4000 7363.0
5000 7363.0
mini patch: 376
0 7442.0
1000 7442.0
2000 7442.0
3000 7442.0
4000 7442.0
5000 7442.0
mini patch: 377
0 7362.0
1000 7362.0
2000 7362.0
3000 7362.0
4000 7362.0
5000 7362.0
mini patch: 378
0 7356.0
1000 7356.0
2000 7356.0
3000 7356.0
4000 7356.0
5000 7356.0
mini patch: 379
0 7353.0
1000 7353.0
2000 7353.0
3000 7353.0
4000 7353.0
5000 7353.0
mini patch: 380
0 7293.0
1000 7293.0
2000 7293.0
3000 7293.0
4000 7293.0
5000 7293.0
mini patch: 381
0 7372.0
1000 7372.0
2000 7372.0
3000 7372.0
4000 7372.0
5000 7372.0
mini patch: 382
0 7328.0
1000 7328.0
2000 7328.0
3000 7328.0
4000 7328.0
5000 7328.0
mini patch: 383
0 7440.0
1000 7440.0
2000 7440.0
3000 7440.0
4000 7440.0
5000 7440.0
mini patch: 384
0 7374.0
1000 7374.0
2000 7374.0
3000 7374.0
4000 7374.0
5000 7374.0
mini patch: 385
0 7400.0
1000 7400.0
2000 7400.0
3000 7400.0
4000 7400.0
5000 7400.0
mini patch: 386
0 7406.0
1000 7406.0
2000 7406.0
3000 7406.0
4000 7406.0
5000 7406.0
mini patch: 387
0 7353.0
1000 7353.0
2000 7353.0
3000 7353.0
4000 7353.0
5000 7353.0
mini patch: 388
0 7329.0
1000 7329.0
2000 7329.0
3000 7329.0
4000 7329.0
5000 7329.0
mini patch: 389
0 7431.0
1000 7431.0
2000 7431.0
3000 7431.0
4000 7431.0
5000 7431.0
mini patch: 390
0 7467.0
1000 7467.0
2000 7467.0
3000 7467.0
4000 7467.0
5000 7467.0
mini patch: 391
0 7377.0
1000 7377.0
2000 7377.0
3000 7377.0
4000 7377.0
5000 7377.0
mini patch: 392
0 7282.0
1000 7282.0
2000 7282.0
3000 7282.0
4000 7282.0
5000 7282.0
mini patch: 393
0 7293.0
1000 7293.0
2000 7293.0
3000 7293.0
4000 7293.0
5000 7293.0
mini patch: 394
0 7364.0
1000 7364.0
2000 7364.0
3000 7364.0
4000 7364.0
5000 7364.0
mini patch: 395
0 7363.0
1000 7363.0
2000 7363.0
3000 7363.0
4000 7363.0
5000 7363.0
mini patch: 396
0 7431.0
1000 7431.0
2000 7431.0
3000 7431.0
4000 7431.0
5000 7431.0
mini patch: 397
0 7373.0
1000 7373.0
2000 7373.0
3000 7373.0
4000 7373.0
5000 7373.0
mini patch: 398
0 7454.0
1000 7454.0
2000 7454.0
3000 7454.0
4000 7454.0
5000 7454.0
mini patch: 399
0 7238.0
1000 7238.0
2000 7238.0
3000 7238.0
4000 7238.0
5000 7238.0
mini patch: 400
0 7293.0
1000 7293.0
2000 7293.0
3000 7293.0
4000 7293.0
5000 7293.0
mini patch: 401
0 7367.0
1000 7367.0
2000 7367.0
3000 7367.0
4000 7367.0
5000 7367.0
mini patch: 402
0 7298.0
1000 7298.0
2000 7298.0
3000 7298.0
4000 7298.0
5000 7298.0
mini patch: 403
0 7274.0
1000 7274.0
2000 7274.0
3000 7274.0
4000 7274.0
5000 7274.0
mini patch: 404
0 7379.0
1000 7379.0
2000 7379.0
3000 7379.0
4000 7379.0
5000 7379.0
mini patch: 405
0 7356.0
1000 7356.0
2000 7356.0
3000 7356.0
4000 7356.0
5000 7356.0
mini patch: 406
0 7399.0
1000 7399.0
2000 7399.0
3000 7399.0
4000 7399.0
5000 7399.0
mini patch: 407
0 7332.0
1000 7332.0
2000 7332.0
3000 7332.0
4000 7332.0
5000 7332.0
mini patch: 408
0 7368.0
1000 7368.0
2000 7368.0
3000 7368.0
4000 7368.0
5000 7368.0
mini patch: 409
0 7238.0
1000 7238.0
2000 7238.0
3000 7238.0
4000 7238.0
5000 7238.0
mini patch: 410
0 7294.0
1000 7294.0
2000 7294.0
3000 7294.0
4000 7294.0
5000 7294.0
mini patch: 411
0 7290.0
1000 7290.0
2000 7290.0
3000 7290.0
4000 7290.0
5000 7290.0
mini patch: 412
0 7362.0
1000 7362.0
2000 7362.0
3000 7362.0
4000 7362.0
5000 7362.0
mini patch: 413
0 7294.0
1000 7294.0
2000 7294.0
3000 7294.0
4000 7294.0
5000 7294.0
mini patch: 414
0 7323.0
1000 7323.0
2000 7323.0
3000 7323.0
4000 7323.0
5000 7323.0
mini patch: 415
0 7354.0
1000 7354.0
2000 7354.0
3000 7354.0
4000 7354.0
5000 7354.0
mini patch: 416
0 7394.0
1000 7394.0
2000 7394.0
3000 7394.0
4000 7394.0
5000 7394.0
mini patch: 417
0 7247.0
1000 7247.0
2000 7247.0
3000 7247.0
4000 7247.0
5000 7247.0
mini patch: 418
0 7332.0
1000 7332.0
2000 7332.0
3000 7332.0
4000 7332.0
5000 7332.0
mini patch: 419
0 7340.0
1000 7340.0
2000 7340.0
3000 7340.0
4000 7340.0
5000 7340.0
mini patch: 420
0 7237.0
1000 7237.0
2000 7237.0
3000 7237.0
4000 7237.0
5000 7237.0
mini patch: 421
0 7327.0
1000 7327.0
2000 7327.0
3000 7327.0
4000 7327.0
5000 7327.0
mini patch: 422
0 7373.0
1000 7373.0
2000 7373.0
3000 7373.0
4000 7373.0
5000 7373.0
mini patch: 423
0 7358.0
1000 7358.0
2000 7358.0
3000 7358.0
4000 7358.0
5000 7358.0
mini patch: 424
0 7362.0
1000 7362.0
2000 7362.0
3000 7362.0
4000 7362.0
5000 7362.0
mini patch: 425
0 7327.0
1000 7327.0
2000 7327.0
3000 7327.0
4000 7327.0
5000 7327.0
mini patch: 426
0 7347.0
1000 7347.0
2000 7347.0
3000 7347.0
4000 7347.0
5000 7347.0
mini patch: 427
0 7225.0
1000 7225.0
2000 7225.0
3000 7225.0
4000 7225.0
5000 7225.0
mini patch: 428
0 7298.0
1000 7298.0
2000 7298.0
3000 7298.0
4000 7298.0
5000 7298.0
mini patch: 429
0 7312.0
1000 7312.0
2000 7312.0
3000 7312.0
4000 7312.0
5000 7312.0
mini patch: 430
0 7361.0
1000 7361.0
2000 7361.0
3000 7361.0
4000 7361.0
5000 7361.0
mini patch: 431
0 7385.0
1000 7385.0
2000 7385.0
3000 7385.0
4000 7385.0
5000 7385.0
mini patch: 432
0 7277.0
1000 7277.0
2000 7277.0
3000 7277.0
4000 7277.0
5000 7277.0
mini patch: 433
0 7424.0
1000 7424.0
2000 7424.0
3000 7424.0
4000 7424.0
5000 7424.0
mini patch: 434
0 7229.0
1000 7229.0
2000 7229.0
3000 7229.0
4000 7229.0
5000 7229.0
mini patch: 435
0 7348.0
1000 7348.0
2000 7348.0
3000 7348.0
4000 7348.0
5000 7348.0
mini patch: 436
0 7308.0
1000 7308.0
2000 7308.0
3000 7308.0
4000 7308.0
5000 7308.0
mini patch: 437
0 7357.0
1000 7357.0
2000 7357.0
3000 7357.0
4000 7357.0
5000 7357.0
mini patch: 438
0 7335.0
1000 7335.0
2000 7335.0
3000 7335.0
4000 7335.0
5000 7335.0
mini patch: 439
0 7336.0
1000 7336.0
2000 7336.0
3000 7336.0
4000 7336.0
5000 7336.0
mini patch: 440
0 7312.0
1000 7312.0
2000 7312.0
3000 7312.0
4000 7312.0
5000 7312.0
mini patch: 441
0 7303.0
1000 7303.0
2000 7303.0
3000 7303.0
4000 7303.0
5000 7303.0
mini patch: 442
0 7334.0
1000 7334.0
2000 7334.0
3000 7334.0
4000 7334.0
5000 7334.0
mini patch: 443
0 7337.0
1000 7337.0
2000 7337.0
3000 7337.0
4000 7337.0
5000 7337.0
mini patch: 444
0 7367.0
1000 7367.0
2000 7367.0
3000 7367.0
4000 7367.0
5000 7367.0
mini patch: 445
0 7325.0
1000 7325.0
2000 7325.0
3000 7325.0
4000 7325.0
5000 7325.0
mini patch: 446
0 7360.0
1000 7360.0
2000 7360.0
3000 7360.0
4000 7360.0
5000 7360.0
mini patch: 447
0 7238.0
1000 7238.0
2000 7238.0
3000 7238.0
4000 7238.0
5000 7238.0
mini patch: 448
0 7315.0
1000 7315.0
2000 7315.0
3000 7315.0
4000 7315.0
5000 7315.0
mini patch: 449
0 7247.0
1000 7247.0
2000 7247.0
3000 7247.0
4000 7247.0
5000 7247.0
mini patch: 450
0 7469.0
1000 7469.0
2000 7469.0
3000 7469.0
4000 7469.0
5000 7469.0
mini patch: 451
0 7299.0
1000 7299.0
2000 7299.0
3000 7299.0
4000 7299.0
5000 7299.0
mini patch: 452
0 7298.0
1000 7298.0
2000 7298.0
3000 7298.0
4000 7298.0
5000 7298.0
mini patch: 453
0 7317.0
1000 7317.0
2000 7317.0
3000 7317.0
4000 7317.0
5000 7317.0
mini patch: 454
0 7300.0
1000 7300.0
2000 7300.0
3000 7300.0
4000 7300.0
5000 7300.0
mini patch: 455
0 7345.0
1000 7345.0
2000 7345.0
3000 7345.0
4000 7345.0
5000 7345.0
mini patch: 456
0 7383.0
1000 7383.0
2000 7383.0
3000 7383.0
4000 7383.0
5000 7383.0
mini patch: 457
0 7425.0
1000 7425.0
2000 7425.0
3000 7425.0
4000 7425.0
5000 7425.0
mini patch: 458
0 7226.0
1000 7226.0
2000 7226.0
3000 7226.0
4000 7226.0
5000 7226.0
mini patch: 459
0 7324.0
1000 7324.0
2000 7324.0
3000 7324.0
4000 7324.0
5000 7324.0
mini patch: 460
0 7348.0
1000 7348.0
2000 7348.0
3000 7348.0
4000 7348.0
5000 7348.0
mini patch: 461
0 7382.0
1000 7382.0
2000 7382.0
3000 7382.0
4000 7382.0
5000 7382.0
mini patch: 462
0 7238.0
1000 7238.0
2000 7238.0
3000 7238.0
4000 7238.0
5000 7238.0
mini patch: 463
0 7360.0
1000 7360.0
2000 7360.0
3000 7360.0
4000 7360.0
5000 7360.0
mini patch: 464
0 7365.0
1000 7365.0
2000 7365.0
3000 7365.0
4000 7365.0
5000 7365.0
mini patch: 465
0 7292.0
1000 7292.0
2000 7292.0
3000 7292.0
4000 7292.0
5000 7292.0
mini patch: 466
0 7268.0
1000 7268.0
2000 7268.0
3000 7268.0
4000 7268.0
5000 7268.0
mini patch: 467
0 7335.0
1000 7335.0
2000 7335.0
3000 7335.0
4000 7335.0
5000 7335.0
mini patch: 468
0 7333.0
1000 7333.0
2000 7333.0
3000 7333.0
4000 7333.0
5000 7333.0
mini patch: 469
0 7313.0
1000 7313.0
2000 7313.0
3000 7313.0
4000 7313.0
5000 7313.0
mini patch: 470
0 7263.0
1000 7263.0
2000 7263.0
3000 7263.0
4000 7263.0
5000 7263.0
mini patch: 471
0 7379.0
1000 7379.0
2000 7379.0
3000 7379.0
4000 7379.0
5000 7379.0
mini patch: 472
0 7299.0
1000 7299.0
2000 7299.0
3000 7299.0
4000 7299.0
5000 7299.0
mini patch: 473
0 7243.0
1000 7243.0
2000 7243.0
3000 7243.0
4000 7243.0
5000 7243.0
mini patch: 474
0 7336.0
1000 7336.0
2000 7336.0
3000 7336.0
4000 7336.0
5000 7336.0
mini patch: 475
0 7302.0
1000 7302.0
2000 7302.0
3000 7302.0
4000 7302.0
5000 7302.0
mini patch: 476
0 7383.0
1000 7383.0
2000 7383.0
3000 7383.0
4000 7383.0
5000 7383.0
mini patch: 477
0 7313.0
1000 7313.0
2000 7313.0
3000 7313.0
4000 7313.0
5000 7313.0
mini patch: 478
0 7345.0
1000 7345.0
2000 7345.0
3000 7345.0
4000 7345.0
5000 7345.0
mini patch: 479
0 7390.0
1000 7390.0
2000 7390.0
3000 7390.0
4000 7390.0
5000 7390.0
mini patch: 480
0 7278.0
1000 7278.0
2000 7278.0
3000 7278.0
4000 7278.0
5000 7278.0
mini patch: 481
0 7388.0
1000 7388.0
2000 7388.0
3000 7388.0
4000 7388.0
5000 7388.0
mini patch: 482
0 7396.0
1000 7396.0
2000 7396.0
3000 7396.0
4000 7396.0
5000 7396.0
mini patch: 483
0 7337.0
1000 7337.0
2000 7337.0
3000 7337.0
4000 7337.0
5000 7337.0
mini patch: 484
0 7380.0
1000 7380.0
2000 7380.0
3000 7380.0
4000 7380.0
5000 7380.0
mini patch: 485
0 7397.0
1000 7397.0
2000 7397.0
3000 7397.0
4000 7397.0
5000 7397.0
mini patch: 486
0 7375.0
1000 7375.0
2000 7375.0
3000 7375.0
4000 7375.0
5000 7375.0
mini patch: 487
0 7383.0
1000 7383.0
2000 7383.0
3000 7383.0
4000 7383.0
5000 7383.0
mini patch: 488
0 7351.0
1000 7351.0
2000 7351.0
3000 7351.0
4000 7351.0
5000 7351.0
mini patch: 489
0 7304.0
1000 7304.0
2000 7304.0
3000 7304.0
4000 7304.0
5000 7304.0
mini patch: 490
0 7364.0
1000 7364.0
2000 7364.0
3000 7364.0
4000 7364.0
5000 7364.0
mini patch: 491
0 7333.0
1000 7333.0
2000 7333.0
3000 7333.0
4000 7333.0
5000 7333.0
mini patch: 492
0 7377.0
1000 7377.0
2000 7377.0
3000 7377.0
4000 7377.0
5000 7377.0
mini patch: 493
0 7391.0
1000 7391.0
2000 7391.0
3000 7391.0
4000 7391.0
5000 7391.0
mini patch: 494
0 7352.0
1000 7352.0
2000 7352.0
3000 7352.0
4000 7352.0
5000 7352.0
mini patch: 495
0 7276.0
1000 7276.0
2000 7276.0
3000 7276.0
4000 7276.0
5000 7276.0
mini patch: 496
0 7428.0
1000 7428.0
2000 7428.0
3000 7428.0
4000 7428.0
5000 7428.0
mini patch: 497
0 7292.0
1000 7292.0
2000 7292.0
3000 7292.0
4000 7292.0
5000 7292.0
mini patch: 498
0 7271.0
1000 7271.0
2000 7271.0
3000 7271.0
4000 7271.0
5000 7271.0
mini patch: 499
0 7412.0
1000 7412.0
2000 7412.0
3000 7412.0
4000 7412.0
5000 7412.0
mini patch: 500
0 7434.0
1000 7434.0
2000 7434.0
3000 7434.0
4000 7434.0
5000 7434.0
mini patch: 501
0 7350.0
1000 7350.0
2000 7350.0
3000 7350.0
4000 7350.0
5000 7350.0
mini patch: 502
0 7281.0
1000 7281.0
2000 7281.0
3000 7281.0
4000 7281.0
5000 7281.0
mini patch: 503
0 7404.0
1000 7404.0
2000 7404.0
3000 7404.0
4000 7404.0
5000 7404.0
mini patch: 504
0 7400.0
1000 7400.0
2000 7400.0
3000 7400.0
4000 7400.0
5000 7400.0
mini patch: 505
0 7342.0
1000 7342.0
2000 7342.0
3000 7342.0
4000 7342.0
5000 7342.0
mini patch: 506
0 7345.0
1000 7345.0
2000 7345.0
3000 7345.0
4000 7345.0
5000 7345.0
mini patch: 507
0 7306.0
1000 7306.0
2000 7306.0
3000 7306.0
4000 7306.0
5000 7306.0
mini patch: 508
0 7320.0
1000 7320.0
2000 7320.0
3000 7320.0
4000 7320.0
5000 7320.0
mini patch: 509
0 7382.0
1000 7382.0
2000 7382.0
3000 7382.0
4000 7382.0
5000 7382.0
mini patch: 510
0 7401.0
1000 7401.0
2000 7401.0
3000 7401.0
4000 7401.0
5000 7401.0
mini patch: 511
0 7213.0
1000 7213.0
2000 7213.0
3000 7213.0
4000 7213.0
5000 7213.0
mini patch: 512
0 7288.0
1000 7288.0
2000 7288.0
3000 7288.0
4000 7288.0
5000 7288.0
mini patch: 513
0 7346.0
1000 7346.0
2000 7346.0
3000 7346.0
4000 7346.0
5000 7346.0
mini patch: 514
0 7331.0
1000 7331.0
2000 7331.0
3000 7331.0
4000 7331.0
5000 7331.0
mini patch: 515
0 7363.0
1000 7363.0
2000 7363.0
3000 7363.0
4000 7363.0
5000 7363.0
mini patch: 516
0 7462.0
1000 7462.0
2000 7462.0
3000 7462.0
4000 7462.0
5000 7462.0
mini patch: 517
0 7467.0
1000 7467.0
2000 7467.0
3000 7467.0
4000 7467.0
5000 7467.0
mini patch: 518
0 7248.0
1000 7248.0
2000 7248.0
3000 7248.0
4000 7248.0
5000 7248.0
mini patch: 519
0 7355.0
1000 7355.0
2000 7355.0
3000 7355.0
4000 7355.0
5000 7355.0
mini patch: 520
0 7386.0
1000 7386.0
2000 7386.0
3000 7386.0
4000 7386.0
5000 7386.0
mini patch: 521
0 7399.0
1000 7399.0
2000 7399.0
3000 7399.0
4000 7399.0
5000 7399.0
mini patch: 522
0 7349.0
1000 7349.0
2000 7349.0
3000 7349.0
4000 7349.0
5000 7349.0
mini patch: 523
0 7270.0
1000 7270.0
2000 7270.0
3000 7270.0
4000 7270.0
5000 7270.0
mini patch: 524
0 7233.0
1000 7233.0
2000 7233.0
3000 7233.0
4000 7233.0
5000 7233.0
mini patch: 525
0 7286.0
1000 7286.0
2000 7286.0
3000 7286.0
4000 7286.0
5000 7286.0
mini patch: 526
0 7383.0
1000 7383.0
2000 7383.0
3000 7383.0
4000 7383.0
5000 7383.0
mini patch: 527
0 7341.0
1000 7341.0
2000 7341.0
3000 7341.0
4000 7341.0
5000 7341.0
mini patch: 528
0 7323.0
1000 7323.0
2000 7323.0
3000 7323.0
4000 7323.0
5000 7323.0
mini patch: 529
0 7294.0
1000 7294.0
2000 7294.0
3000 7294.0
4000 7294.0
5000 7294.0
mini patch: 530
0 7283.0
1000 7283.0
2000 7283.0
3000 7283.0
4000 7283.0
5000 7283.0
mini patch: 531
0 7377.0
1000 7377.0
2000 7377.0
3000 7377.0
4000 7377.0
5000 7377.0
mini patch: 532
0 7394.0
1000 7394.0
2000 7394.0
3000 7394.0
4000 7394.0
5000 7394.0
mini patch: 533
0 7391.0
1000 7391.0
2000 7391.0
3000 7391.0
4000 7391.0
5000 7391.0
mini patch: 534
0 7343.0
1000 7343.0
2000 7343.0
3000 7343.0
4000 7343.0
5000 7343.0
mini patch: 535
0 7169.0
1000 7169.0
2000 7169.0
3000 7169.0
4000 7169.0
5000 7169.0
mini patch: 536
0 7446.0
1000 7446.0
2000 7446.0
3000 7446.0
4000 7446.0
5000 7446.0
mini patch: 537
0 7260.0
1000 7260.0
2000 7260.0
3000 7260.0
4000 7260.0
5000 7260.0
mini patch: 538
0 7334.0
1000 7334.0
2000 7334.0
3000 7334.0
4000 7334.0
5000 7334.0
mini patch: 539
0 7383.0
1000 7383.0
2000 7383.0
3000 7383.0
4000 7383.0
5000 7383.0
mini patch: 540
0 7393.0
1000 7393.0
2000 7393.0
3000 7393.0
4000 7393.0
5000 7393.0
mini patch: 541
0 7388.0
1000 7388.0
2000 7388.0
3000 7388.0
4000 7388.0
5000 7388.0
mini patch: 542
0 7337.0
1000 7337.0
2000 7337.0
3000 7337.0
4000 7337.0
5000 7337.0
mini patch: 543
0 7356.0
1000 7356.0
2000 7356.0
3000 7356.0
4000 7356.0
5000 7356.0
mini patch: 544
0 7416.0
1000 7416.0
2000 7416.0
3000 7416.0
4000 7416.0
5000 7416.0
mini patch: 545
0 7275.0
1000 7275.0
2000 7275.0
3000 7275.0
4000 7275.0
5000 7275.0
mini patch: 546
0 7346.0
1000 7346.0
2000 7346.0
3000 7346.0
4000 7346.0
5000 7346.0
mini patch: 547
0 7373.0
1000 7373.0
2000 7373.0
3000 7373.0
4000 7373.0
5000 7373.0
mini patch: 548
0 7285.0
1000 7285.0
2000 7285.0
3000 7285.0
4000 7285.0
5000 7285.0
mini patch: 549
0 7376.0
1000 7376.0
2000 7376.0
3000 7376.0
4000 7376.0
5000 7376.0
mini patch: 550
0 7341.0
1000 7341.0
2000 7341.0
3000 7341.0
4000 7341.0
5000 7341.0
mini patch: 551
0 7321.0
1000 7321.0
2000 7321.0
3000 7321.0
4000 7321.0
5000 7321.0
mini patch: 552
0 7277.0
1000 7277.0
2000 7277.0
3000 7277.0
4000 7277.0
5000 7277.0
mini patch: 553
0 7281.0
1000 7281.0
2000 7281.0
3000 7281.0
4000 7281.0
5000 7281.0
mini patch: 554
0 7396.0
1000 7396.0
2000 7396.0
3000 7396.0
4000 7396.0
5000 7396.0
mini patch: 555
0 7424.0
1000 7424.0
2000 7424.0
3000 7424.0
4000 7424.0
5000 7424.0
mini patch: 556
0 7373.0
1000 7373.0
2000 7373.0
3000 7373.0
4000 7373.0
5000 7373.0
mini patch: 557
0 7373.0
1000 7373.0
2000 7373.0
3000 7373.0
4000 7373.0
5000 7373.0
mini patch: 558
0 7437.0
1000 7437.0
2000 7437.0
3000 7437.0
4000 7437.0
5000 7437.0
mini patch: 559
0 7390.0
1000 7390.0
2000 7390.0
3000 7390.0
4000 7390.0
5000 7390.0
mini patch: 560
0 7308.0
1000 7308.0
2000 7308.0
3000 7308.0
4000 7308.0
5000 7308.0
mini patch: 561
0 7354.0
1000 7354.0
2000 7354.0
3000 7354.0
4000 7354.0
5000 7354.0
mini patch: 562
0 7271.0
1000 7271.0
2000 7271.0
3000 7271.0
4000 7271.0
5000 7271.0
mini patch: 563
0 7381.0
1000 7381.0
2000 7381.0
3000 7381.0
4000 7381.0
5000 7381.0
mini patch: 564
0 7378.0
1000 7378.0
2000 7378.0
3000 7378.0
4000 7378.0
5000 7378.0
mini patch: 565
0 7375.0
1000 7375.0
2000 7375.0
3000 7375.0
4000 7375.0
5000 7375.0
mini patch: 566
0 7284.0
1000 7284.0
2000 7284.0
3000 7284.0
4000 7284.0
5000 7284.0
mini patch: 567
0 7383.0
1000 7383.0
2000 7383.0
3000 7383.0
4000 7383.0
5000 7383.0
mini patch: 568
0 7331.0
1000 7331.0
2000 7331.0
3000 7331.0
4000 7331.0
5000 7331.0
mini patch: 569
0 7362.0
1000 7362.0
2000 7362.0
3000 7362.0
4000 7362.0
5000 7362.0
mini patch: 570
0 7312.0
1000 7312.0
2000 7312.0
3000 7312.0
4000 7312.0
5000 7312.0
mini patch: 571
0 7322.0
1000 7322.0
2000 7322.0
3000 7322.0
4000 7322.0
5000 7322.0
mini patch: 572
0 7385.0
1000 7385.0
2000 7385.0
3000 7385.0
4000 7385.0
5000 7385.0
mini patch: 573
0 7445.0
1000 7445.0
2000 7445.0
3000 7445.0
4000 7445.0
5000 7445.0
mini patch: 574
0 7360.0
1000 7360.0
2000 7360.0
3000 7360.0
4000 7360.0
5000 7360.0
mini patch: 575
0 7341.0
1000 7341.0
2000 7341.0
3000 7341.0
4000 7341.0
5000 7341.0
mini patch: 576
0 7343.0
1000 7343.0
2000 7343.0
3000 7343.0
4000 7343.0
5000 7343.0
mini patch: 577
0 7249.0
1000 7249.0
2000 7249.0
3000 7249.0
4000 7249.0
5000 7249.0
mini patch: 578
0 7409.0
1000 7409.0
2000 7409.0
3000 7409.0
4000 7409.0
5000 7409.0
mini patch: 579
0 7301.0
1000 7301.0
2000 7301.0
3000 7301.0
4000 7301.0
5000 7301.0
mini patch: 580
0 7262.0
1000 7262.0
2000 7262.0
3000 7262.0
4000 7262.0
5000 7262.0
mini patch: 581
0 7394.0
1000 7394.0
2000 7394.0
3000 7394.0
4000 7394.0
5000 7394.0
mini patch: 582
0 7375.0
1000 7375.0
2000 7375.0
3000 7375.0
4000 7375.0
5000 7375.0
mini patch: 583
0 7301.0
1000 7301.0
2000 7301.0
3000 7301.0
4000 7301.0
5000 7301.0
mini patch: 584
0 7338.0
1000 7338.0
2000 7338.0
3000 7338.0
4000 7338.0
5000 7338.0
mini patch: 585
0 7293.0
1000 7293.0
2000 7293.0
3000 7293.0
4000 7293.0
5000 7293.0
mini patch: 586
0 7350.0
1000 7350.0
2000 7350.0
3000 7350.0
4000 7350.0
5000 7350.0
mini patch: 587
0 7306.0
1000 7306.0
2000 7306.0
3000 7306.0
4000 7306.0
5000 7306.0
mini patch: 588
0 7292.0
1000 7292.0
2000 7292.0
3000 7292.0
4000 7292.0
5000 7292.0
mini patch: 589
0 7444.0
1000 7444.0
2000 7444.0
3000 7444.0
4000 7444.0
5000 7444.0
mini patch: 590
0 7325.0
1000 7325.0
2000 7325.0
3000 7325.0
4000 7325.0
5000 7325.0
mini patch: 591
0 7366.0
1000 7366.0
2000 7366.0
3000 7366.0
4000 7366.0
5000 7366.0
mini patch: 592
0 7293.0
1000 7293.0
2000 7293.0
3000 7293.0
4000 7293.0
5000 7293.0
mini patch: 593
0 7376.0
1000 7376.0
2000 7376.0
3000 7376.0
4000 7376.0
5000 7376.0
mini patch: 594
0 7312.0
1000 7312.0
2000 7312.0
3000 7312.0
4000 7312.0
5000 7312.0
mini patch: 595
0 7357.0
1000 7357.0
2000 7357.0
3000 7357.0
4000 7357.0
5000 7357.0
mini patch: 596
0 7323.0
1000 7323.0
2000 7323.0
3000 7323.0
4000 7323.0
5000 7323.0
mini patch: 597
0 7234.0
1000 7234.0
2000 7234.0
3000 7234.0
4000 7234.0
5000 7234.0
mini patch: 598
0 7331.0
1000 7331.0
2000 7331.0
3000 7331.0
4000 7331.0
5000 7331.0
mini patch: 599
0 7296.0
1000 7296.0
2000 7296.0
3000 7296.0
4000 7296.0
5000 7296.0
mini patch: 600
0 7342.0
1000 7342.0
2000 7342.0
3000 7342.0
4000 7342.0
5000 7342.0
mini patch: 601
0 7424.0
1000 7424.0
2000 7424.0
3000 7424.0
4000 7424.0
5000 7424.0
mini patch: 602
0 7371.0
1000 7371.0
2000 7371.0
3000 7371.0
4000 7371.0
5000 7371.0
mini patch: 603
0 7289.0
1000 7289.0
2000 7289.0
3000 7289.0
4000 7289.0
5000 7289.0
mini patch: 604
0 7259.0
1000 7259.0
2000 7259.0
3000 7259.0
4000 7259.0
5000 7259.0
mini patch: 605
0 7367.0
1000 7367.0
2000 7367.0
3000 7367.0
4000 7367.0
5000 7367.0
mini patch: 606
0 7427.0
1000 7427.0
2000 7427.0
3000 7427.0
4000 7427.0
5000 7427.0
mini patch: 607
0 7316.0
1000 7316.0
2000 7316.0
3000 7316.0
4000 7316.0
5000 7316.0
mini patch: 608
0 7384.0
1000 7384.0
2000 7384.0
3000 7384.0
4000 7384.0
5000 7384.0
mini patch: 609
0 7339.0
1000 7339.0
2000 7339.0
3000 7339.0
4000 7339.0
5000 7339.0
mini patch: 610
0 7232.0
1000 7232.0
2000 7232.0
3000 7232.0
4000 7232.0
5000 7232.0
mini patch: 611
0 7351.0
1000 7351.0
2000 7351.0
3000 7351.0
4000 7351.0
5000 7351.0
mini patch: 612
0 7337.0
1000 7337.0
2000 7337.0
3000 7337.0
4000 7337.0
5000 7337.0
mini patch: 613
0 7313.0
1000 7313.0
2000 7313.0
3000 7313.0
4000 7313.0
5000 7313.0
mini patch: 614
0 7357.0
1000 7357.0
2000 7357.0
3000 7357.0
4000 7357.0
5000 7357.0
mini patch: 615
0 7263.0
1000 7263.0
2000 7263.0
3000 7263.0
4000 7263.0
5000 7263.0
mini patch: 616
0 7428.0
1000 7428.0
2000 7428.0
3000 7428.0
4000 7428.0
5000 7428.0
mini patch: 617
0 7330.0
1000 7330.0
2000 7330.0
3000 7330.0
4000 7330.0
5000 7330.0
mini patch: 618
0 7351.0
1000 7351.0
2000 7351.0
3000 7351.0
4000 7351.0
5000 7351.0
mini patch: 619
0 7326.0
1000 7326.0
2000 7326.0
3000 7326.0
4000 7326.0
5000 7326.0
mini patch: 620
0 7412.0
1000 7412.0
2000 7412.0
3000 7412.0
4000 7412.0
5000 7412.0
mini patch: 621
0 7286.0
1000 7286.0
2000 7286.0
3000 7286.0
4000 7286.0
5000 7286.0
mini patch: 622
0 7320.0
1000 7320.0
2000 7320.0
3000 7320.0
4000 7320.0
5000 7320.0
mini patch: 623
0 7372.0
1000 7372.0
2000 7372.0
3000 7372.0
4000 7372.0
5000 7372.0
mini patch: 624
0 7347.0
1000 7347.0
2000 7347.0
3000 7347.0
4000 7347.0
5000 7347.0
mini patch: 625
0 7318.0
1000 7318.0
2000 7318.0
3000 7318.0
4000 7318.0
5000 7318.0
mini patch: 626
0 7329.0
1000 7329.0
2000 7329.0
3000 7329.0
4000 7329.0
5000 7329.0
mini patch: 627
0 7294.0
1000 7294.0
2000 7294.0
3000 7294.0
4000 7294.0
5000 7294.0
mini patch: 628
0 7325.0
1000 7325.0
2000 7325.0
3000 7325.0
4000 7325.0
5000 7325.0
mini patch: 629
0 7293.0
1000 7293.0
2000 7293.0
3000 7293.0
4000 7293.0
5000 7293.0
mini patch: 630
0 7286.0
1000 7286.0
2000 7286.0
3000 7286.0
4000 7286.0
5000 7286.0
mini patch: 631
0 7346.0
1000 7346.0
2000 7346.0
3000 7346.0
4000 7346.0
5000 7346.0
mini patch: 632
0 7430.0
1000 7430.0
2000 7430.0
3000 7430.0
4000 7430.0
5000 7430.0
mini patch: 633
0 7343.0
1000 7343.0
2000 7343.0
3000 7343.0
4000 7343.0
5000 7343.0
mini patch: 634
0 7369.0
1000 7369.0
2000 7369.0
3000 7369.0
4000 7369.0
5000 7369.0
mini patch: 635
0 7393.0
1000 7393.0
2000 7393.0
3000 7393.0
4000 7393.0
5000 7393.0
mini patch: 636
0 7449.0
1000 7449.0
2000 7449.0
3000 7449.0
4000 7449.0
5000 7449.0
mini patch: 637
0 7437.0
1000 7437.0
2000 7437.0
3000 7437.0
4000 7437.0
5000 7437.0
mini patch: 638
0 7233.0
1000 7233.0
2000 7233.0
3000 7233.0
4000 7233.0
5000 7233.0
mini patch: 639
0 7291.0
1000 7291.0
2000 7291.0
3000 7291.0
4000 7291.0
5000 7291.0
mini patch: 640
0 7391.0
1000 7391.0
2000 7391.0
3000 7391.0
4000 7391.0
5000 7391.0
mini patch: 641
0 7324.0
1000 7324.0
2000 7324.0
3000 7324.0
4000 7324.0
5000 7324.0
mini patch: 642
0 7339.0
1000 7339.0
2000 7339.0
3000 7339.0
4000 7339.0
5000 7339.0
mini patch: 643
0 7275.0
1000 7275.0
2000 7275.0
3000 7275.0
4000 7275.0
5000 7275.0
mini patch: 644
0 7377.0
1000 7377.0
2000 7377.0
3000 7377.0
4000 7377.0
5000 7377.0
mini patch: 645
0 7383.0
1000 7383.0
2000 7383.0
3000 7383.0
4000 7383.0
5000 7383.0
mini patch: 646
0 7361.0
1000 7361.0
2000 7361.0
3000 7361.0
4000 7361.0
5000 7361.0
mini patch: 647
0 7347.0
1000 7347.0
2000 7347.0
3000 7347.0
4000 7347.0
5000 7347.0
mini patch: 648
0 7306.0
1000 7306.0
2000 7306.0
3000 7306.0
4000 7306.0
5000 7306.0
mini patch: 649
0 7231.0
1000 7231.0
2000 7231.0
3000 7231.0
4000 7231.0
5000 7231.0
mini patch: 650
0 7332.0
1000 7332.0
2000 7332.0
3000 7332.0
4000 7332.0
5000 7332.0
mini patch: 651
0 7353.0
1000 7353.0
2000 7353.0
3000 7353.0
4000 7353.0
5000 7353.0
mini patch: 652
0 7391.0
1000 7391.0
2000 7391.0
3000 7391.0
4000 7391.0
5000 7391.0
mini patch: 653
0 7231.0
1000 7231.0
2000 7231.0
3000 7231.0
4000 7231.0
5000 7231.0
mini patch: 654
0 7366.0
1000 7366.0
2000 7366.0
3000 7366.0
4000 7366.0
5000 7366.0
mini patch: 655
0 7278.0
1000 7278.0
2000 7278.0
3000 7278.0
4000 7278.0
5000 7278.0
mini patch: 656
0 7357.0
1000 7357.0
2000 7357.0
3000 7357.0
4000 7357.0
5000 7357.0
mini patch: 657
0 7367.0
1000 7367.0
2000 7367.0
3000 7367.0
4000 7367.0
5000 7367.0
mini patch: 658
0 7303.0
1000 7303.0
2000 7303.0
3000 7303.0
4000 7303.0
5000 7303.0
mini patch: 659
0 7264.0
1000 7264.0
2000 7264.0
3000 7264.0
4000 7264.0
5000 7264.0
mini patch: 660
0 7262.0
1000 7262.0
2000 7262.0
3000 7262.0
4000 7262.0
5000 7262.0
mini patch: 661
0 7378.0
1000 7378.0
2000 7378.0
3000 7378.0
4000 7378.0
5000 7378.0
mini patch: 662
0 7418.0
1000 7418.0
2000 7418.0
3000 7418.0
4000 7418.0
5000 7418.0
mini patch: 663
0 7392.0
1000 7392.0
2000 7392.0
3000 7392.0
4000 7392.0
5000 7392.0
mini patch: 664
0 7423.0
1000 7423.0
2000 7423.0
3000 7423.0
4000 7423.0
5000 7423.0
mini patch: 665
0 7164.0
1000 7164.0
2000 7164.0
3000 7164.0
4000 7164.0
5000 7164.0
mini patch: 666
0 7257.0
1000 7257.0
2000 7257.0
3000 7257.0
4000 7257.0
5000 7257.0
mini patch: 667
0 7397.0
1000 7397.0
2000 7397.0
3000 7397.0
4000 7397.0
5000 7397.0
mini patch: 668
0 7305.0
1000 7305.0
2000 7305.0
3000 7305.0
4000 7305.0
5000 7305.0
mini patch: 669
0 7338.0
1000 7338.0
2000 7338.0
3000 7338.0
4000 7338.0
5000 7338.0
mini patch: 670
0 7324.0
1000 7324.0
2000 7324.0
3000 7324.0
4000 7324.0
5000 7324.0
mini patch: 671
0 7344.0
1000 7344.0
2000 7344.0
3000 7344.0
4000 7344.0
5000 7344.0
mini patch: 672
0 7250.0
1000 7250.0
2000 7250.0
3000 7250.0
4000 7250.0
5000 7250.0
mini patch: 673
0 7300.0
1000 7300.0
2000 7300.0
3000 7300.0
4000 7300.0
5000 7300.0
mini patch: 674
0 7301.0
1000 7301.0
2000 7301.0
3000 7301.0
4000 7301.0
5000 7301.0
mini patch: 675
0 7351.0
1000 7351.0
2000 7351.0
3000 7351.0
4000 7351.0
5000 7351.0
mini patch: 676
0 7324.0
1000 7324.0
2000 7324.0
3000 7324.0
4000 7324.0
5000 7324.0
mini patch: 677
0 7314.0
1000 7314.0
2000 7314.0
3000 7314.0
4000 7314.0
5000 7314.0
mini patch: 678
0 7334.0
1000 7334.0
2000 7334.0
3000 7334.0
4000 7334.0
5000 7334.0
mini patch: 679
0 7371.0
1000 7371.0
2000 7371.0
3000 7371.0
4000 7371.0
5000 7371.0
mini patch: 680
0 7432.0
1000 7432.0
2000 7432.0
3000 7432.0
4000 7432.0
5000 7432.0
mini patch: 681
0 7444.0
1000 7444.0
2000 7444.0
3000 7444.0
4000 7444.0
5000 7444.0
mini patch: 682
0 7381.0
1000 7381.0
2000 7381.0
3000 7381.0
4000 7381.0
5000 7381.0
mini patch: 683
0 7369.0
1000 7369.0
2000 7369.0
3000 7369.0
4000 7369.0
5000 7369.0
mini patch: 684
0 7298.0
1000 7298.0
2000 7298.0
3000 7298.0
4000 7298.0
5000 7298.0
mini patch: 685
0 7323.0
1000 7323.0
2000 7323.0
3000 7323.0
4000 7323.0
5000 7323.0
mini patch: 686
0 7356.0
1000 7356.0
2000 7356.0
3000 7356.0
4000 7356.0
5000 7356.0
mini patch: 687
0 7410.0
1000 7410.0
2000 7410.0
3000 7410.0
4000 7410.0
5000 7410.0
mini patch: 688
0 7446.0
1000 7446.0
2000 7446.0
3000 7446.0
4000 7446.0
5000 7446.0
mini patch: 689
0 7318.0
1000 7318.0
2000 7318.0
3000 7318.0
4000 7318.0
5000 7318.0
mini patch: 690
0 7342.0
1000 7342.0
2000 7342.0
3000 7342.0
4000 7342.0
5000 7342.0
mini patch: 691
0 7288.0
1000 7288.0
2000 7288.0
3000 7288.0
4000 7288.0
5000 7288.0
mini patch: 692
0 7406.0
1000 7406.0
2000 7406.0
3000 7406.0
4000 7406.0
5000 7406.0
mini patch: 693
0 7402.0
1000 7402.0
2000 7402.0
3000 7402.0
4000 7402.0
5000 7402.0
mini patch: 694
0 7313.0
1000 7313.0
2000 7313.0
3000 7313.0
4000 7313.0
5000 7313.0
mini patch: 695
0 7332.0
1000 7332.0
2000 7332.0
3000 7332.0
4000 7332.0
5000 7332.0
mini patch: 696
0 7303.0
1000 7303.0
2000 7303.0
3000 7303.0
4000 7303.0
5000 7303.0
mini patch: 697
0 7318.0
1000 7318.0
2000 7318.0
3000 7318.0
4000 7318.0
5000 7318.0
mini patch: 698
0 7220.0
1000 7220.0
2000 7220.0
3000 7220.0
4000 7220.0
5000 7220.0
mini patch: 699
0 7272.0
1000 7272.0
2000 7272.0
3000 7272.0
4000 7272.0
5000 7272.0
mini patch: 700
0 7361.0
1000 7361.0
2000 7361.0
3000 7361.0
4000 7361.0
5000 7361.0
mini patch: 701
0 7259.0
1000 7259.0
2000 7259.0
3000 7259.0
4000 7259.0
5000 7259.0
mini patch: 702
0 7207.0
1000 7207.0
2000 7207.0
3000 7207.0
4000 7207.0
5000 7207.0
mini patch: 703
0 7346.0
1000 7346.0
2000 7346.0
3000 7346.0
4000 7346.0
5000 7346.0
mini patch: 704
0 7286.0
1000 7286.0
2000 7286.0
3000 7286.0
4000 7286.0
5000 7286.0
mini patch: 705
0 7308.0
1000 7308.0
2000 7308.0
3000 7308.0
4000 7308.0
5000 7308.0
mini patch: 706
0 7445.0
1000 7445.0
2000 7445.0
3000 7445.0
4000 7445.0
5000 7445.0
mini patch: 707
0 7328.0
1000 7328.0
2000 7328.0
3000 7328.0
4000 7328.0
5000 7328.0
mini patch: 708
0 7380.0
1000 7380.0
2000 7380.0
3000 7380.0
4000 7380.0
5000 7380.0
mini patch: 709
0 7358.0
1000 7358.0
2000 7358.0
3000 7358.0
4000 7358.0
5000 7358.0
mini patch: 710
0 7416.0
1000 7416.0
2000 7416.0
3000 7416.0
4000 7416.0
5000 7416.0
mini patch: 711
0 7348.0
1000 7348.0
2000 7348.0
3000 7348.0
4000 7348.0
5000 7348.0
mini patch: 712
0 7356.0
1000 7356.0
2000 7356.0
3000 7356.0
4000 7356.0
5000 7356.0
mini patch: 713
0 7351.0
1000 7351.0
2000 7351.0
3000 7351.0
4000 7351.0
5000 7351.0
mini patch: 714
0 7339.0
1000 7339.0
2000 7339.0
3000 7339.0
4000 7339.0
5000 7339.0
mini patch: 715
0 7389.0
1000 7389.0
2000 7389.0
3000 7389.0
4000 7389.0
5000 7389.0
mini patch: 716
0 7316.0
1000 7316.0
2000 7316.0
3000 7316.0
4000 7316.0
5000 7316.0
mini patch: 717
0 7404.0
1000 7404.0
2000 7404.0
3000 7404.0
4000 7404.0
5000 7404.0
mini patch: 718
0 7340.0
1000 7340.0
2000 7340.0
3000 7340.0
4000 7340.0
5000 7340.0
mini patch: 719
0 7296.0
1000 7296.0
2000 7296.0
3000 7296.0
4000 7296.0
5000 7296.0
mini patch: 720
0 7349.0
1000 7349.0
2000 7349.0
3000 7349.0
4000 7349.0
5000 7349.0
mini patch: 721
0 7280.0
1000 7280.0
2000 7280.0
3000 7280.0
4000 7280.0
5000 7280.0
mini patch: 722
0 7297.0
1000 7297.0
2000 7297.0
3000 7297.0
4000 7297.0
5000 7297.0
mini patch: 723
0 7358.0
1000 7358.0
2000 7358.0
3000 7358.0
4000 7358.0
5000 7358.0
mini patch: 724
0 7318.0
1000 7318.0
2000 7318.0
3000 7318.0
4000 7318.0
5000 7318.0
mini patch: 725
0 7353.0
1000 7353.0
2000 7353.0
3000 7353.0
4000 7353.0
5000 7353.0
mini patch: 726
0 7406.0
1000 7406.0
2000 7406.0
3000 7406.0
4000 7406.0
5000 7406.0
mini patch: 727
0 7355.0
1000 7355.0
2000 7355.0
3000 7355.0
4000 7355.0
5000 7355.0
mini patch: 728
0 7365.0
1000 7365.0
2000 7365.0
3000 7365.0
4000 7365.0
5000 7365.0
mini patch: 729
0 7340.0
1000 7340.0
2000 7340.0
3000 7340.0
4000 7340.0
5000 7340.0
mini patch: 730
0 7342.0
1000 7342.0
2000 7342.0
3000 7342.0
4000 7342.0
5000 7342.0
mini patch: 731
0 7299.0
1000 7299.0
2000 7299.0
3000 7299.0
4000 7299.0
5000 7299.0
mini patch: 732
0 7311.0
1000 7311.0
2000 7311.0
3000 7311.0
4000 7311.0
5000 7311.0
mini patch: 733
0 7388.0
1000 7388.0
2000 7388.0
3000 7388.0
4000 7388.0
5000 7388.0
mini patch: 734
0 7252.0
1000 7252.0
2000 7252.0
3000 7252.0
4000 7252.0
5000 7252.0
mini patch: 735
0 7331.0
1000 7331.0
2000 7331.0
3000 7331.0
4000 7331.0
5000 7331.0
mini patch: 736
0 7506.0
1000 7506.0
2000 7506.0
3000 7506.0
4000 7506.0
5000 7506.0
mini patch: 737
0 7503.0
1000 7503.0
2000 7503.0
3000 7503.0
4000 7503.0
5000 7503.0
mini patch: 738
0 7211.0
1000 7211.0
2000 7211.0
3000 7211.0
4000 7211.0
5000 7211.0
mini patch: 739
0 7354.0
1000 7354.0
2000 7354.0
3000 7354.0
4000 7354.0
5000 7354.0
mini patch: 740
0 7301.0
1000 7301.0
2000 7301.0
3000 7301.0
4000 7301.0
5000 7301.0
mini patch: 741
0 7337.0
1000 7337.0
2000 7337.0
3000 7337.0
4000 7337.0
5000 7337.0
mini patch: 742
0 7303.0
1000 7303.0
2000 7303.0
3000 7303.0
4000 7303.0
5000 7303.0
mini patch: 743
0 7328.0
1000 7328.0
2000 7328.0
3000 7328.0
4000 7328.0
5000 7328.0
mini patch: 744
0 7391.0
1000 7391.0
2000 7391.0
3000 7391.0
4000 7391.0
5000 7391.0
mini patch: 745
0 7289.0
1000 7289.0
2000 7289.0
3000 7289.0
4000 7289.0
5000 7289.0
mini patch: 746
0 7327.0
1000 7327.0
2000 7327.0
3000 7327.0
4000 7327.0
5000 7327.0
mini patch: 747
0 7348.0
1000 7348.0
2000 7348.0
3000 7348.0
4000 7348.0
5000 7348.0
mini patch: 748
0 7283.0
1000 7283.0
2000 7283.0
3000 7283.0
4000 7283.0
5000 7283.0
mini patch: 749
0 7439.0
1000 7439.0
2000 7439.0
3000 7439.0
4000 7439.0
5000 7439.0
mini patch: 750
0 7370.0
1000 7370.0
2000 7370.0
3000 7370.0
4000 7370.0
5000 7370.0
mini patch: 751
0 7388.0
1000 7388.0
2000 7388.0
3000 7388.0
4000 7388.0
5000 7388.0
mini patch: 752
0 7364.0
1000 7364.0
2000 7364.0
3000 7364.0
4000 7364.0
5000 7364.0
mini patch: 753
0 7403.0
1000 7403.0
2000 7403.0
3000 7403.0
4000 7403.0
5000 7403.0
mini patch: 754
0 7304.0
1000 7304.0
2000 7304.0
3000 7304.0
4000 7304.0
5000 7304.0
mini patch: 755
0 7379.0
1000 7379.0
2000 7379.0
3000 7379.0
4000 7379.0
5000 7379.0
mini patch: 756
0 7343.0
1000 7343.0
2000 7343.0
3000 7343.0
4000 7343.0
5000 7343.0
mini patch: 757
0 7301.0
1000 7301.0
2000 7301.0
3000 7301.0
4000 7301.0
5000 7301.0
mini patch: 758
0 7334.0
1000 7334.0
2000 7334.0
3000 7334.0
4000 7334.0
5000 7334.0
mini patch: 759
0 7301.0
1000 7301.0
2000 7301.0
3000 7301.0
4000 7301.0
5000 7301.0
mini patch: 760
0 7370.0
1000 7370.0
2000 7370.0
3000 7370.0
4000 7370.0
5000 7370.0
mini patch: 761
0 7454.0
1000 7454.0
2000 7454.0
3000 7454.0
4000 7454.0
5000 7454.0
mini patch: 762
0 7330.0
1000 7330.0
2000 7330.0
3000 7330.0
4000 7330.0
5000 7330.0
mini patch: 763
0 7339.0
1000 7339.0
2000 7339.0
3000 7339.0
4000 7339.0
5000 7339.0
mini patch: 764
0 7340.0
1000 7340.0
2000 7340.0
3000 7340.0
4000 7340.0
5000 7340.0
mini patch: 765
0 7281.0
1000 7281.0
2000 7281.0
3000 7281.0
4000 7281.0
5000 7281.0
mini patch: 766
0 7370.0
1000 7370.0
2000 7370.0
3000 7370.0
4000 7370.0
5000 7370.0
mini patch: 767
0 7339.0
1000 7339.0
2000 7339.0
3000 7339.0
4000 7339.0
5000 7339.0
mini patch: 768
0 7401.0
1000 7401.0
2000 7401.0
3000 7401.0
4000 7401.0
5000 7401.0
mini patch: 769
0 7372.0
1000 7372.0
2000 7372.0
3000 7372.0
4000 7372.0
5000 7372.0
mini patch: 770
0 7308.0
1000 7308.0
2000 7308.0
3000 7308.0
4000 7308.0
5000 7308.0
mini patch: 771
0 7380.0
1000 7380.0
2000 7380.0
3000 7380.0
4000 7380.0
5000 7380.0
mini patch: 772
0 7364.0
1000 7364.0
2000 7364.0
3000 7364.0
4000 7364.0
5000 7364.0
mini patch: 773
0 7300.0
1000 7300.0
2000 7300.0
3000 7300.0
4000 7300.0
5000 7300.0
mini patch: 774
0 7361.0
1000 7361.0
2000 7361.0
3000 7361.0
4000 7361.0
5000 7361.0
mini patch: 775
0 7267.0
1000 7267.0
2000 7267.0
3000 7267.0
4000 7267.0
5000 7267.0
mini patch: 776
0 7385.0
1000 7385.0
2000 7385.0
3000 7385.0
4000 7385.0
5000 7385.0
mini patch: 777
0 7283.0
1000 7283.0
2000 7283.0
3000 7283.0
4000 7283.0
5000 7283.0
mini patch: 778
0 7320.0
1000 7320.0
2000 7320.0
3000 7320.0
4000 7320.0
5000 7320.0
mini patch: 779
0 7359.0
1000 7359.0
2000 7359.0
3000 7359.0
4000 7359.0
5000 7359.0
mini patch: 780
0 7340.0
1000 7340.0
2000 7340.0
3000 7340.0
4000 7340.0
5000 7340.0
mini patch: 781
0 7364.0
1000 7364.0
2000 7364.0
3000 7364.0
4000 7364.0
5000 7364.0
mini patch: 782
0 7325.0
1000 7325.0
2000 7325.0
3000 7325.0
4000 7325.0
5000 7325.0
mini patch: 783
0 7336.0
1000 7336.0
2000 7336.0
3000 7336.0
4000 7336.0
5000 7336.0
mini patch: 784
0 7338.0
1000 7338.0
2000 7338.0
3000 7338.0
4000 7338.0
5000 7338.0
mini patch: 785
0 7358.0
1000 7358.0
2000 7358.0
3000 7358.0
4000 7358.0
5000 7358.0
mini patch: 786
0 7293.0
1000 7293.0
2000 7293.0
3000 7293.0
4000 7293.0
5000 7293.0
mini patch: 787
0 7450.0
1000 7450.0
2000 7450.0
3000 7450.0
4000 7450.0
5000 7450.0
mini patch: 788
0 7302.0
1000 7302.0
2000 7302.0
3000 7302.0
4000 7302.0
5000 7302.0
mini patch: 789
0 7381.0
1000 7381.0
2000 7381.0
3000 7381.0
4000 7381.0
5000 7381.0
mini patch: 790
0 7284.0
1000 7284.0
2000 7284.0
3000 7284.0
4000 7284.0
5000 7284.0
mini patch: 791
0 7310.0
1000 7310.0
2000 7310.0
3000 7310.0
4000 7310.0
5000 7310.0
mini patch: 792
0 7387.0
1000 7387.0
2000 7387.0
3000 7387.0
4000 7387.0
5000 7387.0
mini patch: 793
0 7370.0
1000 7370.0
2000 7370.0
3000 7370.0
4000 7370.0
5000 7370.0
mini patch: 794
0 7326.0
1000 7326.0
2000 7326.0
3000 7326.0
4000 7326.0
5000 7326.0
mini patch: 795
0 7309.0
1000 7309.0
2000 7309.0
3000 7309.0
4000 7309.0
5000 7309.0
mini patch: 796
0 7228.0
1000 7228.0
2000 7228.0
3000 7228.0
4000 7228.0
5000 7228.0
mini patch: 797
0 7449.0
1000 7449.0
2000 7449.0
3000 7449.0
4000 7449.0
5000 7449.0
mini patch: 798
0 7426.0
1000 7426.0
2000 7426.0
3000 7426.0
4000 7426.0
5000 7426.0
mini patch: 799
0 7421.0
1000 7421.0
2000 7421.0
3000 7421.0
4000 7421.0
5000 7421.0
mini patch: 800
0 7280.0
1000 7280.0
2000 7280.0
3000 7280.0
4000 7280.0
5000 7280.0
mini patch: 801
0 7418.0
1000 7418.0
2000 7418.0
3000 7418.0
4000 7418.0
5000 7418.0
mini patch: 802
0 7429.0
1000 7429.0
2000 7429.0
3000 7429.0
4000 7429.0
5000 7429.0
mini patch: 803
0 7374.0
1000 7374.0
2000 7374.0
3000 7374.0
4000 7374.0
5000 7374.0
mini patch: 804
0 7282.0
1000 7282.0
2000 7282.0
3000 7282.0
4000 7282.0
5000 7282.0
mini patch: 805
0 7429.0
1000 7429.0
2000 7429.0
3000 7429.0
4000 7429.0
5000 7429.0
mini patch: 806
0 7241.0
1000 7241.0
2000 7241.0
3000 7241.0
4000 7241.0
5000 7241.0
mini patch: 807
0 7349.0
1000 7349.0
2000 7349.0
3000 7349.0
4000 7349.0
5000 7349.0
mini patch: 808
0 7388.0
1000 7388.0
2000 7388.0
3000 7388.0
4000 7388.0
5000 7388.0
mini patch: 809
0 7380.0
1000 7380.0
2000 7380.0
3000 7380.0
4000 7380.0
5000 7380.0
mini patch: 810
0 7394.0
1000 7394.0
2000 7394.0
3000 7394.0
4000 7394.0
5000 7394.0
mini patch: 811
0 7320.0
1000 7320.0
2000 7320.0
3000 7320.0
4000 7320.0
5000 7320.0
mini patch: 812
0 7345.0
1000 7345.0
2000 7345.0
3000 7345.0
4000 7345.0
5000 7345.0
mini patch: 813
0 7372.0
1000 7372.0
2000 7372.0
3000 7372.0
4000 7372.0
5000 7372.0
mini patch: 814
0 7394.0
1000 7394.0
2000 7394.0
3000 7394.0
4000 7394.0
5000 7394.0
mini patch: 815
0 7325.0
1000 7325.0
2000 7325.0
3000 7325.0
4000 7325.0
5000 7325.0
mini patch: 816
0 7362.0
1000 7362.0
2000 7362.0
3000 7362.0
4000 7362.0
5000 7362.0
mini patch: 817
0 7371.0
1000 7371.0
2000 7371.0
3000 7371.0
4000 7371.0
5000 7371.0
mini patch: 818
0 7337.0
1000 7337.0
2000 7337.0
3000 7337.0
4000 7337.0
5000 7337.0
mini patch: 819
0 7370.0
1000 7370.0
2000 7370.0
3000 7370.0
4000 7370.0
5000 7370.0
mini patch: 820
0 7288.0
1000 7288.0
2000 7288.0
3000 7288.0
4000 7288.0
5000 7288.0
mini patch: 821
0 7348.0
1000 7348.0
2000 7348.0
3000 7348.0
4000 7348.0
5000 7348.0
mini patch: 822
0 7312.0
1000 7312.0
2000 7312.0
3000 7312.0
4000 7312.0
5000 7312.0
mini patch: 823
0 7374.0
1000 7374.0
2000 7374.0
3000 7374.0
4000 7374.0
5000 7374.0
mini patch: 824
0 7360.0
1000 7360.0
2000 7360.0
3000 7360.0
4000 7360.0
5000 7360.0
mini patch: 825
0 7292.0
1000 7292.0
2000 7292.0
3000 7292.0
4000 7292.0
5000 7292.0
mini patch: 826
0 7327.0
1000 7327.0
2000 7327.0
3000 7327.0
4000 7327.0
5000 7327.0
mini patch: 827
0 7277.0
1000 7277.0
2000 7277.0
3000 7277.0
4000 7277.0
5000 7277.0
mini patch: 828
0 7382.0
1000 7382.0
2000 7382.0
3000 7382.0
4000 7382.0
5000 7382.0
mini patch: 829
0 7388.0
1000 7388.0
2000 7388.0
3000 7388.0
4000 7388.0
5000 7388.0
mini patch: 830
0 7445.0
1000 7445.0
2000 7445.0
3000 7445.0
4000 7445.0
5000 7445.0
mini patch: 831
0 7356.0
1000 7356.0
2000 7356.0
3000 7356.0
4000 7356.0
5000 7356.0
mini patch: 832
0 7364.0
1000 7364.0
2000 7364.0
3000 7364.0
4000 7364.0
5000 7364.0
mini patch: 833
0 7231.0
1000 7231.0
2000 7231.0
3000 7231.0
4000 7231.0
5000 7231.0
mini patch: 834
0 7295.0
1000 7295.0
2000 7295.0
3000 7295.0
4000 7295.0
5000 7295.0
mini patch: 835
0 7409.0
1000 7409.0
2000 7409.0
3000 7409.0
4000 7409.0
5000 7409.0
mini patch: 836
0 7354.0
1000 7354.0
2000 7354.0
3000 7354.0
4000 7354.0
5000 7354.0
mini patch: 837
0 7434.0
1000 7434.0
2000 7434.0
3000 7434.0
4000 7434.0
5000 7434.0
mini patch: 838
0 7303.0
1000 7303.0
2000 7303.0
3000 7303.0
4000 7303.0
5000 7303.0
mini patch: 839
0 7386.0
1000 7386.0
2000 7386.0
3000 7386.0
4000 7386.0
5000 7386.0
mini patch: 840
0 7324.0
1000 7324.0
2000 7324.0
3000 7324.0
4000 7324.0
5000 7324.0
mini patch: 841
0 7276.0
1000 7276.0
2000 7276.0
3000 7276.0
4000 7276.0
5000 7276.0
mini patch: 842
0 7345.0
1000 7345.0
2000 7345.0
3000 7345.0
4000 7345.0
5000 7345.0
mini patch: 843
0 7332.0
1000 7332.0
2000 7332.0
3000 7332.0
4000 7332.0
5000 7332.0
mini patch: 844
0 7250.0
1000 7250.0
2000 7250.0
3000 7250.0
4000 7250.0
5000 7250.0
mini patch: 845
0 7399.0
1000 7399.0
2000 7399.0
3000 7399.0
4000 7399.0
5000 7399.0
mini patch: 846
0 7344.0
1000 7344.0
2000 7344.0
3000 7344.0
4000 7344.0
5000 7344.0
mini patch: 847
0 7337.0
1000 7337.0
2000 7337.0
3000 7337.0
4000 7337.0
5000 7337.0
mini patch: 848
0 7389.0
1000 7389.0
2000 7389.0
3000 7389.0
4000 7389.0
5000 7389.0
mini patch: 849
0 7275.0
1000 7275.0
2000 7275.0
3000 7275.0
4000 7275.0
5000 7275.0
mini patch: 850
0 7272.0
1000 7272.0
2000 7272.0
3000 7272.0
4000 7272.0
5000 7272.0
mini patch: 851
0 7301.0
1000 7301.0
2000 7301.0
3000 7301.0
4000 7301.0
5000 7301.0
mini patch: 852
0 7316.0
1000 7316.0
2000 7316.0
3000 7316.0
4000 7316.0
5000 7316.0
mini patch: 853
0 7433.0
1000 7433.0
2000 7433.0
3000 7433.0
4000 7433.0
5000 7433.0
mini patch: 854
0 7355.0
1000 7355.0
2000 7355.0
3000 7355.0
4000 7355.0
5000 7355.0
mini patch: 855
0 7259.0
1000 7259.0
2000 7259.0
3000 7259.0
4000 7259.0
5000 7259.0
mini patch: 856
0 7261.0
1000 7261.0
2000 7261.0
3000 7261.0
4000 7261.0
5000 7261.0
mini patch: 857
0 7319.0
1000 7319.0
2000 7319.0
3000 7319.0
4000 7319.0
5000 7319.0
mini patch: 858
0 7317.0
1000 7317.0
2000 7317.0
3000 7317.0
4000 7317.0
5000 7317.0
mini patch: 859
0 7256.0
1000 7256.0
2000 7256.0
3000 7256.0
4000 7256.0
5000 7256.0
mini patch: 860
0 7401.0
1000 7401.0
2000 7401.0
3000 7401.0
4000 7401.0
5000 7401.0
mini patch: 861
0 7363.0
1000 7363.0
2000 7363.0
3000 7363.0
4000 7363.0
5000 7363.0
mini patch: 862
0 7488.0
1000 7488.0
2000 7488.0
3000 7488.0
4000 7488.0
5000 7488.0
mini patch: 863
0 7315.0
1000 7315.0
2000 7315.0
3000 7315.0
4000 7315.0
5000 7315.0
mini patch: 864
0 7310.0
1000 7310.0
2000 7310.0
3000 7310.0
4000 7310.0
5000 7310.0
mini patch: 865
0 7377.0
1000 7377.0
2000 7377.0
3000 7377.0
4000 7377.0
5000 7377.0
mini patch: 866
0 7269.0
1000 7269.0
2000 7269.0
3000 7269.0
4000 7269.0
5000 7269.0
mini patch: 867
0 7311.0
1000 7311.0
2000 7311.0
3000 7311.0
4000 7311.0
5000 7311.0
mini patch: 868
0 7333.0
1000 7333.0
2000 7333.0
3000 7333.0
4000 7333.0
5000 7333.0
mini patch: 869
0 7388.0
1000 7388.0
2000 7388.0
3000 7388.0
4000 7388.0
5000 7388.0
mini patch: 870
0 7395.0
1000 7395.0
2000 7395.0
3000 7395.0
4000 7395.0
5000 7395.0
mini patch: 871
0 7337.0
1000 7337.0
2000 7337.0
3000 7337.0
4000 7337.0
5000 7337.0
mini patch: 872
0 7238.0
1000 7238.0
2000 7238.0
3000 7238.0
4000 7238.0
5000 7238.0
mini patch: 873
0 7237.0
1000 7237.0
2000 7237.0
3000 7237.0
4000 7237.0
5000 7237.0
mini patch: 874
0 7355.0
1000 7355.0
2000 7355.0
3000 7355.0
4000 7355.0
5000 7355.0
mini patch: 875
0 7387.0
1000 7387.0
2000 7387.0
3000 7387.0
4000 7387.0
5000 7387.0
mini patch: 876
0 7396.0
1000 7396.0
2000 7396.0
3000 7396.0
4000 7396.0
5000 7396.0
mini patch: 877
0 7329.0
1000 7329.0
2000 7329.0
3000 7329.0
4000 7329.0
5000 7329.0
mini patch: 878
0 7371.0
1000 7371.0
2000 7371.0
3000 7371.0
4000 7371.0
5000 7371.0
mini patch: 879
0 7488.0
1000 7488.0
2000 7488.0
3000 7488.0
4000 7488.0
5000 7488.0
mini patch: 880
0 7290.0
1000 7290.0
2000 7290.0
3000 7290.0
4000 7290.0
5000 7290.0
mini patch: 881
0 7346.0
1000 7346.0
2000 7346.0
3000 7346.0
4000 7346.0
5000 7346.0
mini patch: 882
0 7254.0
1000 7254.0
2000 7254.0
3000 7254.0
4000 7254.0
5000 7254.0
mini patch: 883
0 7361.0
1000 7361.0
2000 7361.0
3000 7361.0
4000 7361.0
5000 7361.0
mini patch: 884
0 7328.0
1000 7328.0
2000 7328.0
3000 7328.0
4000 7328.0
5000 7328.0
mini patch: 885
0 7277.0
1000 7277.0
2000 7277.0
3000 7277.0
4000 7277.0
5000 7277.0
mini patch: 886
0 7320.0
1000 7320.0
2000 7320.0
3000 7320.0
4000 7320.0
5000 7320.0
mini patch: 887
0 7311.0
1000 7311.0
2000 7311.0
3000 7311.0
4000 7311.0
5000 7311.0
mini patch: 888
0 7347.0
1000 7347.0
2000 7347.0
3000 7347.0
4000 7347.0
5000 7347.0
mini patch: 889
0 7391.0
1000 7391.0
2000 7391.0
3000 7391.0
4000 7391.0
5000 7391.0
mini patch: 890
0 7366.0
1000 7366.0
2000 7366.0
3000 7366.0
4000 7366.0
5000 7366.0
mini patch: 891
0 7444.0
1000 7444.0
2000 7444.0
3000 7444.0
4000 7444.0
5000 7444.0
mini patch: 892
0 7380.0
1000 7380.0
2000 7380.0
3000 7380.0
4000 7380.0
5000 7380.0
mini patch: 893
0 7300.0
1000 7300.0
2000 7300.0
3000 7300.0
4000 7300.0
5000 7300.0
mini patch: 894
0 7301.0
1000 7301.0
2000 7301.0
3000 7301.0
4000 7301.0
5000 7301.0
mini patch: 895
0 7281.0
1000 7281.0
2000 7281.0
3000 7281.0
4000 7281.0
5000 7281.0
mini patch: 896
0 7295.0
1000 7295.0
2000 7295.0
3000 7295.0
4000 7295.0
5000 7295.0
mini patch: 897
0 7310.0
1000 7310.0
2000 7310.0
3000 7310.0
4000 7310.0
5000 7310.0
mini patch: 898
0 7310.0
1000 7310.0
2000 7310.0
3000 7310.0
4000 7310.0
5000 7310.0
mini patch: 899
0 7345.0
1000 7345.0
2000 7345.0
3000 7345.0
4000 7345.0
5000 7345.0
mini patch: 900
0 7332.0
1000 7332.0
2000 7332.0
3000 7332.0
4000 7332.0
5000 7332.0
mini patch: 901
0 7315.0
1000 7315.0
2000 7315.0
3000 7315.0
4000 7315.0
5000 7315.0
mini patch: 902
0 7274.0
1000 7274.0
2000 7274.0
3000 7274.0
4000 7274.0
5000 7274.0
mini patch: 903
0 7351.0
1000 7351.0
2000 7351.0
3000 7351.0
4000 7351.0
5000 7351.0
mini patch: 904
0 7382.0
1000 7382.0
2000 7382.0
3000 7382.0
4000 7382.0
5000 7382.0
mini patch: 905
0 7302.0
1000 7302.0
2000 7302.0
3000 7302.0
4000 7302.0
5000 7302.0
mini patch: 906
0 7266.0
1000 7266.0
2000 7266.0
3000 7266.0
4000 7266.0
5000 7266.0
mini patch: 907
0 7451.0
1000 7451.0
2000 7451.0
3000 7451.0
4000 7451.0
5000 7451.0
mini patch: 908
0 7291.0
1000 7291.0
2000 7291.0
3000 7291.0
4000 7291.0
5000 7291.0
mini patch: 909
0 7296.0
1000 7296.0
2000 7296.0
3000 7296.0
4000 7296.0
5000 7296.0
mini patch: 910
0 7352.0
1000 7352.0
2000 7352.0
3000 7352.0
4000 7352.0
5000 7352.0
mini patch: 911
0 7379.0
1000 7379.0
2000 7379.0
3000 7379.0
4000 7379.0
5000 7379.0
mini patch: 912
0 7297.0
1000 7297.0
2000 7297.0
3000 7297.0
4000 7297.0
5000 7297.0
mini patch: 913
0 7402.0
1000 7402.0
2000 7402.0
3000 7402.0
4000 7402.0
5000 7402.0
mini patch: 914
0 7410.0
1000 7410.0
2000 7410.0
3000 7410.0
4000 7410.0
5000 7410.0
mini patch: 915
0 7460.0
1000 7460.0
2000 7460.0
3000 7460.0
4000 7460.0
5000 7460.0
mini patch: 916
0 7370.0
1000 7370.0
2000 7370.0
3000 7370.0
4000 7370.0
5000 7370.0
mini patch: 917
0 7439.0
1000 7439.0
2000 7439.0
3000 7439.0
4000 7439.0
5000 7439.0
mini patch: 918
0 7296.0
1000 7296.0
2000 7296.0
3000 7296.0
4000 7296.0
5000 7296.0
mini patch: 919
0 7354.0
1000 7354.0
2000 7354.0
3000 7354.0
4000 7354.0
5000 7354.0
mini patch: 920
0 7271.0
1000 7271.0
2000 7271.0
3000 7271.0
4000 7271.0
5000 7271.0
mini patch: 921
0 7294.0
1000 7294.0
2000 7294.0
3000 7294.0
4000 7294.0
5000 7294.0
mini patch: 922
0 7261.0
1000 7261.0
2000 7261.0
3000 7261.0
4000 7261.0
5000 7261.0
mini patch: 923
0 7294.0
1000 7294.0
2000 7294.0
3000 7294.0
4000 7294.0
5000 7294.0
mini patch: 924
0 7183.0
1000 7183.0
2000 7183.0
3000 7183.0
4000 7183.0
5000 7183.0
mini patch: 925
0 7441.0
1000 7441.0
2000 7441.0
3000 7441.0
4000 7441.0
5000 7441.0
mini patch: 926
0 7360.0
1000 7360.0
2000 7360.0
3000 7360.0
4000 7360.0
5000 7360.0
mini patch: 927
0 7359.0
1000 7359.0
2000 7359.0
3000 7359.0
4000 7359.0
5000 7359.0
mini patch: 928
0 7387.0
1000 7387.0
2000 7387.0
3000 7387.0
4000 7387.0
5000 7387.0
mini patch: 929
0 7379.0
1000 7379.0
2000 7379.0
3000 7379.0
4000 7379.0
5000 7379.0
mini patch: 930
0 7237.0
1000 7237.0
2000 7237.0
3000 7237.0
4000 7237.0
5000 7237.0
mini patch: 931
0 7302.0
1000 7302.0
2000 7302.0
3000 7302.0
4000 7302.0
5000 7302.0
mini patch: 932
0 7402.0
1000 7402.0
2000 7402.0
3000 7402.0
4000 7402.0
5000 7402.0
mini patch: 933
0 7423.0
1000 7423.0
2000 7423.0
3000 7423.0
4000 7423.0
5000 7423.0
mini patch: 934
0 7284.0
1000 7284.0
2000 7284.0
3000 7284.0
4000 7284.0
5000 7284.0
mini patch: 935
0 7353.0
1000 7353.0
2000 7353.0
3000 7353.0
4000 7353.0
5000 7353.0
mini patch: 936
0 7391.0
1000 7391.0
2000 7391.0
3000 7391.0
4000 7391.0
5000 7391.0
mini patch: 937
0 7318.0
1000 7318.0
2000 7318.0
3000 7318.0
4000 7318.0
5000 7318.0
mini patch: 938
0 7468.0
1000 7468.0
2000 7468.0
3000 7468.0
4000 7468.0
5000 7468.0
mini patch: 939
0 7308.0
1000 7308.0
2000 7308.0
3000 7308.0
4000 7308.0
5000 7308.0
mini patch: 940
0 7257.0
1000 7257.0
2000 7257.0
3000 7257.0
4000 7257.0
5000 7257.0
mini patch: 941
0 7361.0
1000 7361.0
2000 7361.0
3000 7361.0
4000 7361.0
5000 7361.0
mini patch: 942
0 7367.0
1000 7367.0
2000 7367.0
3000 7367.0
4000 7367.0
5000 7367.0
mini patch: 943
0 7360.0
1000 7360.0
2000 7360.0
3000 7360.0
4000 7360.0
5000 7360.0
mini patch: 944
0 7397.0
1000 7397.0
2000 7397.0
3000 7397.0
4000 7397.0
5000 7397.0
mini patch: 945
0 7281.0
1000 7281.0
2000 7281.0
3000 7281.0
4000 7281.0
5000 7281.0
mini patch: 946
0 7310.0
1000 7310.0
2000 7310.0
3000 7310.0
4000 7310.0
5000 7310.0
mini patch: 947
0 7291.0
1000 7291.0
2000 7291.0
3000 7291.0
4000 7291.0
5000 7291.0
mini patch: 948
0 7316.0
1000 7316.0
2000 7316.0
3000 7316.0
4000 7316.0
5000 7316.0
mini patch: 949
0 7382.0
1000 7382.0
2000 7382.0
3000 7382.0
4000 7382.0
5000 7382.0
mini patch: 950
0 7285.0
1000 7285.0
2000 7285.0
3000 7285.0
4000 7285.0
5000 7285.0
mini patch: 951
0 7324.0
1000 7324.0
2000 7324.0
3000 7324.0
4000 7324.0
5000 7324.0
mini patch: 952
0 7271.0
1000 7271.0
2000 7271.0
3000 7271.0
4000 7271.0
5000 7271.0
mini patch: 953
0 7282.0
1000 7282.0
2000 7282.0
3000 7282.0
4000 7282.0
5000 7282.0
mini patch: 954
0 7315.0
1000 7315.0
2000 7315.0
3000 7315.0
4000 7315.0
5000 7315.0
mini patch: 955
0 7424.0
1000 7424.0
2000 7424.0
3000 7424.0
4000 7424.0
5000 7424.0
mini patch: 956
0 7337.0
1000 7337.0
2000 7337.0
3000 7337.0
4000 7337.0
5000 7337.0
mini patch: 957
0 7225.0
1000 7225.0
2000 7225.0
3000 7225.0
4000 7225.0
5000 7225.0
mini patch: 958
0 7302.0
1000 7302.0
2000 7302.0
3000 7302.0
4000 7302.0
5000 7302.0
mini patch: 959
0 7374.0
1000 7374.0
2000 7374.0
3000 7374.0
4000 7374.0
5000 7374.0
mini patch: 960
0 7329.0
1000 7329.0
2000 7329.0
3000 7329.0
4000 7329.0
5000 7329.0
mini patch: 961
0 7356.0
1000 7356.0
2000 7356.0
3000 7356.0
4000 7356.0
5000 7356.0
mini patch: 962
0 7214.0
1000 7214.0
2000 7214.0
3000 7214.0
4000 7214.0
5000 7214.0
mini patch: 963
0 7295.0
1000 7295.0
2000 7295.0
3000 7295.0
4000 7295.0
5000 7295.0
mini patch: 964
0 7351.0
1000 7351.0
2000 7351.0
3000 7351.0
4000 7351.0
5000 7351.0
mini patch: 965
0 7336.0
1000 7336.0
2000 7336.0